<?xml version="1.0" encoding="UTF-8"?>
<!-- Created with VPaint (http://www.vpaint.org) -->

<vec
  version="1.7">
  <playback
    framerange="0 47"
    fps="24"
    subframeinbetweening="off"
    playmode="normal"/>
  <canvas
    position="0 0"
    size="1280 720"/>
  <layer
    name="Layer 1"
    visible="true">
    <background
      color="rgba(255,255,255,1)"
      image=""
      position="0 0"
      size="cover"
      repeat="norepeat"
      opacity="1"
      hold="yes"/>
    <objects>
      <edge
        id="2"
        startvertex="0"
        endvertex="1"
        curve="xywdense(5 619,326,10 615.880418734879,323.901386534269,10 612.75907206505,321.805491674325,10 609.636281875127,319.711841195205,10 606.512367877308,317.619961703389,10 603.387647920852,315.529380654077,10 600.254677509516,313.452567506464,10 597.121602793649,311.369903738929,10 593.9953265331,309.267839004776,10 590.87389263387,307.152789426069,10 587.758722956311,305.028207849137,10 584.650476598844,302.892557296286,10 581.546473893377,300.749539719538,10 578.443954383134,298.605130667761,10 575.343519624671,296.458232421844,10 572.245169851177,294.305537201194,10 569.147234555953,292.148316681396,10 566.048071576943,289.98886781579,10 562.946547421252,287.829195981237,10 559.842069710699,285.670666727123,10 556.734478523118,283.514026660853,10 553.623967629134,281.359461442775,10 550.510996913974,279.20670126528,10 547.396526173904,277.055275294204,10 544.285041547509,274.904809150906,10 541.177830634107,272.753328066175,10 538.07485165515,270.599421136564,10 534.976106437931,268.442166306546,10 531.881759215299,266.28078016484,10 528.792166115285,264.114446752282,10 525.707864771552,261.942247497418,10 522.629550466079,259.763143078453,10 519.558051360892,257.575979042894,10 516.49430795707,255.379500244611,10 513.43935832336,253.172366766703,10 510.394329100791,250.953168101716,10 507.360431791221,248.720434447278,10 504.338963840289,246.472644965516,10 501.331314277742,244.208233279704,10 498.338974096071,241.925590638028,10 495.363552160149,239.62306723165,10 492.406798389985,237.298972228446,10 489.470637577814,234.951573304186,10 486.557220216498,232.579097063568,10 483.669002788983,230.179733353813,10 480.808883137948,227.751650813871,10 477.980447364223,225.293043535884,10 475.188462950724,222.802268887371,10 472.439967291674,220.278284588644,10 469.747448440326,217.722737780318,10 467.132045576793,215.14463903524,10 464.646122689755,212.593449172822,10 462,210,10)"
        color="rgba(0,0,0,1)"/>
      <edge
        id="4"
        startvertex="0"
        endvertex="3"
        curve="xywdense(5 619,326,10 621.075560272662,322.796240279981,10 623.1218155583,319.614769248365,10 625.292399244204,316.518517813807,10 627.548215768842,313.483858896107,10 629.865094815479,310.495115873638,10 632.231057184082,307.54588898013,10 634.638154229368,304.629015176937,10 637.080121345293,301.738236583709,10 639.552209227413,298.870316281473,10 642.050977221168,296.023297800981,10 644.573598069054,293.196837578523,10 647.117778945262,290.392634043012,10 649.682038614645,287.608504475827,10 652.264565062564,284.842248322671,10 654.863519364818,282.091999380401,10 657.477171248242,279.356173895858,10 660.103930156402,276.633406629952,10 662.742338348297,273.922496836754,10 665.39105262183,271.222367658036,10 668.048824752911,268.532037195379,10 670.714484081579,265.850598613462,10 673.386934248074,263.17721755885,10 676.065106682304,260.511090937729,10 678.747987758468,257.851476477062,10 681.434600018763,255.19768011786,10 684.12399700204,252.549056739575,10 686.815260247114,249.905013350405,10 689.507498190026,247.265014249941,10 692.199847206788,244.628588043795,10 694.891475309336,241.995336355774,10 697.58158935743,239.364943903513,10 700.269447166703,236.737189165839,10 702.954376672539,234.111953952591,10 705.635805505378,231.489228358262,10 708.313306180401,228.86910400169,10 710.986664940423,226.251741496418,10 713.655986529541,223.637284601479,10 716.321853089464,221.025667415108,10 718.985562214674,218.416211087395,10 721.649472317094,215.806813884415,10 724.317343869364,213.192510409871,10 726.988292272783,210.571460917172,10 729.654307547249,207.952563050034,10 732.317474051338,205.335696871864,10 734.983367650639,202.718972314264,10 737.665497910081,200.095065131836,10 740.36757908486,197.466204063911,10 743.078516970568,194.852454807989,10 745.801435282747,192.266227844543,10 748.508486299619,189.720811614209,10 751.232662252295,187.159931430437,10 753.943141356541,184.682639978117,10 757,182,10)"
        color="rgba(0,0,0,1)"/>
      <edge
        id="6"
        startvertex="0"
        endvertex="5"
        curve="xywdense(5 619,326,10 619,329.854403409091,10 619,333.708806818182,10 619,337.559951894755,10 619,341.382502652272,10 619,345.194211056267,10 619,349.003890410348,10 619,352.813318955979,10 619,356.622800161132,10 619,360.428879957751,10 619,364.226228223726,10 619,368.019223885005,10 619,371.810315015596,10 619,375.600633792729,10 619,379.390657828602,10 619,383.179219291376,10 619,386.962879145909,10 619,390.744442312108,10 619,394.525887345391,10 619,398.308211645411,10 619,402.091836193306,10 619,405.876857642767,10 619,409.66312824564,10 619,413.446151168256,10 619,417.224537032037,10 619,420.999660983086,10 619,424.770706452015,10 619,428.534163753568,10 619,432.292939413625,10 619,436.049250497777,10 619,439.799991471696,10 619,443.547694034756,10 619,447.296384195678,10 619,451.048386308314,10 619,454.804888318962,10 619,458.566421612425,10 619,462.333219523434,10 619,466.105481221555,10 619,469.883585606575,10 619,473.668302797079,10 619,477.461053834845,10 619,481.26424484802,10 619,485.075529933387,10 619,488.888146793598,10 619,492.701508592649,10 619,496.514356999895,10 619,500.325179484767,10 619,504.13517584509,10 619,507.944305031808,10 619,511.75004171163,10 619,515.550750972688,10 619,519.338971147283,10 619,523.232261605957,10 619,527,10)"
        color="rgba(0,0,0,1)"/>
      <vertex
        id="0"
        position="619 326"
        color="rgba(0,0,0,1)"/>
      <vertex
        id="1"
        position="462 210"
        color="rgba(0,0,0,1)"/>
      <vertex
        id="3"
        position="757 182"
        color="rgba(0,0,0,1)"/>
      <vertex
        id="5"
        position="619 527"
        color="rgba(0,0,0,1)"/>
    </objects>
  </layer>
</vec>
