<?xml version="1.0" encoding="UTF-8"?>
<!-- Created with VPaint (http://www.vpaint.org) -->

<vec
  version="1.7">
  <playback
    framerange="0 47"
    fps="24"
    subframeinbetweening="off"
    playmode="normal"/>
  <canvas
    position="0 0"
    size="1280 720"/>
  <layer
    name="Layer 1"
    visible="true">
    <background
      color="rgba(255,255,255,1)"
      image=""
      position="0 0"
      size="cover"
      repeat="norepeat"
      opacity="1"
      hold="yes"/>
    <objects>
      <edge
        id="2"
        frame="2"
        startvertex="0"
        endvertex="1"
        curve="xywdense(5 244.608112670314,221.09088725146,5 246.702447915584,224.285972278078,5 249.007563853283,227.389264436079,5 251.370753634005,230.456862464559,5 253.777716536736,233.492144188165,5 256.225044302692,236.495556204066,5 258.711065260936,239.467103210815,5 261.234619850126,242.406672718816,5 263.795015198074,245.31388290715,5 266.391329356124,248.188627097782,5 269.022670383503,251.030828662068,5 271.688339274144,253.84027035758,5 274.387679351459,256.616711980262,5 277.12006633244,259.359884558263,5 279.884898677136,262.06948200118,5 282.681586248231,264.745148628587,5 285.509534739184,267.386459119638,5 288.368121250826,269.992883455979,5 291.256650956045,272.563719931456,5 294.174269977691,275.097953851402,5 297.119764089401,277.593921440021,5 300.091005859725,280.048371144104,5 303.083018224396,282.45313997099,5 306.07785202418,284.777566485406,5 308.476376289774,286.444459327187,5)"
        color="rgba(0,0,0,1)"/>
      <vertex
        id="0"
        frame="2"
        position="244.608 221.091"
        color="rgba(0,0,0,1)"/>
      <edge
        id="4"
        frame="2"
        startvertex="3"
        endvertex="1"
        curve="xywdense(5 234.210953476448,363.680499053046,5 236.903223205758,360.571351189244,5 239.75023482269,357.678136656964,5 242.688789234556,354.947023074299,5 245.644526676192,352.295859124926,5 248.547476325585,349.643572019215,5 251.34013094587,346.949924796729,5 253.988686600316,344.200591165571,5 256.531355971904,341.409586280949,5 259.0806139756,338.599877774057,5 261.733176355271,335.753301581387,5 264.497029116044,332.945296844158,5 267.338317400715,330.222487646534,5 270.238217368225,327.565390162643,5 273.132261300262,324.959109089526,5 275.932302594655,322.372785751448,5 278.669244565441,319.727370818628,5 281.399323404107,317.033752489695,5 284.120187910329,314.283473124082,5 286.76209972888,311.589462200732,5 289.431466585879,308.950182151774,5 292.207618415423,306.251955725091,5 295.026487677699,303.442548677019,5 297.701789535169,300.514913786783,5 300.049121709265,297.412788733163,5 302.119851580568,294.134469138351,5 304.054414519577,291.219722653231,5 306.278514730455,288.515918135182,5 308.476376289774,286.444459327187,5)"
        color="rgba(0,0,0,1)"/>
      <edge
        id="6"
        frame="2"
        startvertex="5"
        endvertex="1"
        curve="xywdense(5 380.5138364187,359.967227912379,5 376.749263105495,358.804206199143,5 373.398995397555,356.798010742739,5 370.232083079968,354.537645167684,5 367.125907537715,352.232362055543,5 364.058044419049,349.942467469379,5 361.09254440184,347.531338511815,5 358.181256351235,344.901693732246,5 355.501891207732,342.191076044975,5 352.935299842616,339.409776764182,5 350.288847694778,336.658934171082,5 347.624954802232,334.05976727211,5 344.961596373292,331.583684574426,5 342.283492088859,329.161586407991,5 339.645326270518,326.73253860155,5 337.0346911884,324.118310018537,5 334.400358791931,321.338303544696,5 331.737738435622,318.542030450845,5 329.119239857949,315.894997360055,5 326.545198919926,313.433150346413,5 323.853377179095,311.062559264307,5 321.075196655577,308.6793840637,5 318.298150460115,306.251659979099,5 316.104292582773,303.612385221424,5 314.471874012592,300.703634638805,5 312.491292468895,297.381983977111,5 310.820089508894,293.664216937695,5 309.85659798404,290.791307525196,5 308.827104184363,287.671015002524,5 308.476376289774,286.444459327187,5)"
        color="rgba(0,0,0,1)"/>
      <edge
        id="8"
        frame="2"
        startvertex="7"
        endvertex="1"
        curve="xywdense(5 406.506734403364,220.348233023327,5 403.358003045679,222.789911073303,5 400.120479767499,225.024627165871,5 396.804051990656,227.101278692851,5 393.459777753628,229.042410187713,5 390.132697977221,230.892942389535,5 386.905242946408,232.711539190639,5 383.86996354484,234.53626182294,5 381.024188282655,236.494073008595,5 378.238184657977,238.699991406028,5 375.415335764257,241.077565802129,5 372.431424389616,243.474797636775,5 369.251795569859,245.828031259215,5 366.050717864744,248.082591174532,5 362.997357167547,250.27614241467,5 360.178306740826,252.51587163052,5 357.465676453163,254.930957631809,5 354.833901861184,257.442537345981,5 352.179632985631,259.931447165406,5 349.449162151344,262.269861467188,5 346.623418661038,264.45845849522,5 343.680315661994,266.543885315317,5 340.709707054972,268.543886076278,5 337.819377592771,270.502032367564,5 335.19799272618,272.340876376039,5 332.208316605828,274.575606398458,5 328.92628547831,276.87832616517,5 325.742182438067,278.926491511875,5 322.585601967179,280.687464667093,5 319.670527154205,281.963773959157,5 316.704024575154,283.278822880429,5 313.381758797176,285.028161707611,5 310.721396360669,285.845762480827,5 308.476376289774,286.444459327187,5)"
        color="rgba(0,0,0,1)"/>
      <vertex
        id="1"
        frame="2"
        position="308.476 286.444"
        color="rgba(0,0,0,1)"/>
      <vertex
        id="3"
        frame="2"
        position="234.211 363.68"
        color="rgba(0,0,0,1)"/>
      <vertex
        id="5"
        frame="2"
        position="380.514 359.967"
        color="rgba(0,0,0,1)"/>
      <vertex
        id="7"
        frame="2"
        position="406.507 220.348"
        color="rgba(0,0,0,1)"/>
    </objects>
  </layer>
</vec>
