<?xml version="1.0" encoding="UTF-8"?>
<!-- Created with VPaint (http://www.vpaint.org) -->

<vec
  version="1.7">
  <playback
    framerange="0 47"
    fps="24"
    subframeinbetweening="off"
    playmode="normal"/>
  <canvas
    position="0 0"
    size="1280 720"/>
  <layer
    name="Layer 1"
    visible="true">
    <background
      color="rgba(255,255,255,1)"
      image=""
      position="0 0"
      size="cover"
      repeat="norepeat"
      opacity="1"
      hold="yes"/>
    <objects>
      <edge
        id="2"
        startvertex="0"
        endvertex="1"
        curve="xywdense(5 234.134,134.9104,3.00010851 233.976790794043,129.942026793555,3.00010851 234.05850857375,126.8076042175,3.00010851 234.334781531738,123.390199864258,3.00010851 234.882106520469,119.963514119687,3.00010851 235.776980392402,116.801247369648,3.00010851 237.0959,114.1771,3.00010851 238.574780249445,112.021568525247,3.00010851 240.288381601016,109.673757820469,3.00010851 241.881778803975,107.55014494,3.00010851 243.485070025625,105.511376610625,3.00010851 245.10709757876,103.557057141016,3.00010851 246.756703776172,101.686790839844,3.00010851 250.174021355,98.1968349775,3.00010851 253.807761264453,95.0383434929688,3.00010851 257.728662006875,92.208150855625,3.00010851 262.007462084609,89.7030915348437,3.00010851 264.35358614787,88.5538783120044,3.00010851 266.7149,87.52,3.00010851 271.115218388691,85.9376199658984,3.00010851 275.612887257031,84.7562418540625,3.00010851 280.165307309668,84.0014189939453,3.00010851 284.72987925125,83.698704715,3.00010851 289.264003786426,83.8736523466798,3.00010851 293.725081619844,84.5518152184375,3.00010851 298.070513456152,85.7587466597265,3.00010851 302.2577,87.52,3.00010851 305.918618306746,89.3699580150208,3.00010851 309.982952455332,91.5267385713086,3.00010851 313.735425289363,93.6045475050024,3.00010851 317.397465733906,95.7425722417187,3.00010851 320.956326193665,97.9487548097046,3.00010851 324.39925907334,100.231037237207,3.00010851 327.713516777634,102.597361552473,3.00010851 330.88635171125,105.05566978375,3.00010851 333.905016278889,107.613903959285,3.00010851 336.756762885254,110.280006107324,3.00010851 339.428843935046,113.061918256116,3.00010851 341.908511832969,115.967582433906,3.00010851 344.183018983723,119.004940668943,3.00010851 346.239617792012,122.181934989473,3.00010851 347.975663201156,125.328904133433,3.00010851 349.6481,128.9866,3.00010851 350.610807939729,131.363567504477,3.00010851 351.598447479274,133.950372282388,3.00010851 352.561566605439,136.620439356783,3.00010851 353.470337076641,139.286766336426,3.00010851 354.266030489183,141.783979998274,3.00010851 354.985895316201,144.220617860789,3.00010851 355.649184366425,146.653859178398,3.00010851 356.251156229375,149.072405520156,3.00010851 357.276176970752,153.888697237707,3.00010851 358.071014694922,158.716060936621,3.00010851 358.645726556475,163.601064540076,3.00010851 358.853678149579,166.079733781999,3.00010851 359.01036971,168.59027597125,3.00010851 359.117058382062,171.138512098225,3.00010851 359.175001310088,173.730263153323,3.00010851 359.185455638402,176.371350126939,3.00010851 359.149678511328,179.067594009473,3.00010851 359.06892707319,181.82481579132,3.00010851 358.944458468311,184.648836462878,3.00010851 358.777529841014,187.545477014546,3.00010851 358.569398335625,190.520558436719,3.00010851 358.321321096466,193.579901719795,3.00010851 358.034555267861,196.729327854172,3.00010851 357.701333509306,200.023466614539,3.00010851 357.349986419609,203.321712638418,3.00010851 357.035918052066,206.337034210457,3.00010851 356.670140702715,209.563340163969,3.00010851 356.205803075681,213.238700720604,3.00010851 355.5719,217.8436,3.00010851 355.137167678879,220.872016944613,3.00010851 354.643212959075,224.235567682449,3.00010851 354.107597514285,227.798657751853,3.00010851 353.535530693926,231.521537307633,3.00010851 352.9380205578,235.326927708161,3.00010851 352.315232648441,239.191820881097,3.00010851 351.668310371286,243.096818444735,3.00010851 351.005328197422,246.953812685547,3.00010851 350.336848267853,250.636731533463,3.00010851 349.656550978263,254.240069676406,3.00010851 348.961545828856,257.813519179579,3.00010851 348.25210764708,261.365415841064,3.00010851 347.526664819492,264.928219948098,3.00010851 346.787866168976,268.479250098419,3.00010851 346.037569186607,272.006163956547,3.00010851 345.276576254375,275.510404609375,3.00010851 344.505953531543,278.989968788204,3.00010851 343.726767177372,282.442853224335,3.00010851 342.940083351124,285.867054649067,3.00010851 342.146968212061,289.260569793701,3.00010851 341.348487919444,292.621395389538,3.00010851 340.545708632535,295.947528167877,3.00010851 339.739696510597,299.23696486002,3.00010851 338.931517712891,302.487702197265,3.00010851 338.122238398678,305.697736910915,3.00010851 337.31292472722,308.865065732269,3.00010851 336.50464285778,311.987685392628,3.00010851 335.698458949619,315.063592623291,3.00010851 334.895439161999,318.090784155559,3.00010851 334.096649654181,321.067256720734,3.00010851 333.303156585427,323.991007050114,3.00010851 332.516026115,326.860031875,3.00010851 331.736324402161,329.672327926693,3.00010851 330.965117606171,332.425891936493,3.00010851 330.203471886292,335.1187206357,3.00010851 329.452453401787,337.748810755615,3.00010851 328.713128311917,340.314159027538,3.00010851 327.986562775944,342.81276218277,3.00010851 326.575975002734,347.601720068359,3.00010851 325.229219356254,352.099658262787,3.00010851 323.954825110596,356.290550616455,3.00010851 322.761321539855,360.158370979767,3.00010851 321.657237918125,363.687093203125,3.00010851 320.651103519501,366.860691136932,3.00010851 319.751447618076,369.663138631592,3.00010851 318.305688403203,374.090477705078,3.00010851 317.0672,377.7862,3.00010851)"
        color="rgba(0,0,0,1)"/>
      <vertex
        id="0"
        position="234.134 134.91"
        color="rgba(0,0,0,1)"/>
      <vertex
        id="1"
        position="317.067 377.786"
        color="rgba(0,0,0,1)"/>
      <edge
        id="5"
        startvertex="3"
        endvertex="4"
        curve="xywdense(5 320.0291,377.7862,3.00010851 320.619825501172,373.630191503125,3.00010851 321.165432935,370.98686236,3.00010851 321.939236251953,368.082737921875,3.00010851 322.973543301875,365.138738905,3.00010851 324.300661934609,362.375786025625,3.00010851 325.9529,360.0148,3.00010851 328.076647886995,357.512579468019,3.00010851 330.512204734648,354.691036395801,3.00010851 332.625280164146,352.180508045261,3.00010851 334.658914485312,349.775470048281,3.00010851 336.636815335815,347.47936344425,3.00010851 338.58269035332,345.295629272559,3.00010851 340.520247175493,343.227708572595,3.00010851 342.47319344,341.27904238375,3.00010851 344.465236784507,339.453071745413,3.00010851 346.52008484668,337.753237696973,3.00010851 348.661445264185,336.18298127782,3.00010851 350.913025674688,334.745743527344,3.00010851 353.298533715855,333.444965484934,3.00010851 355.841677025352,332.284088189981,3.00010851 358.23673057747,331.364927641947,3.00010851 361.4957,330.3958,3.00010851 364.11306576389,329.714328288768,3.00010851 367.102240123741,328.974043130397,3.00010851 370.228686298486,328.235098196071,3.00010851 373.335678313965,327.534407911328,3.00010851 376.124577834604,326.943795580714,3.00010851 378.786585163577,326.418688238389,3.00010851 381.421055859291,325.936337219208,3.00010851 384.004885820469,325.503092925625,3.00010851 386.545585860753,325.118030993194,3.00010851 389.050666793787,324.780227057471,3.00010851 393.984014592676,324.242695718359,3.00010851 398.865015726282,323.883103992725,3.00010851 403.75375670375,323.694056965,3.00010851 408.710324034226,323.668159719619,3.00010851 411.23281961595,323.714081354193,3.00010851 413.794804226855,323.798017341016,3.00010851 416.403788680586,323.919043315641,3.00010851 419.067283790784,324.076234913623,3.00010851 421.792800371093,324.268667770516,3.00010851 424.587849235156,324.495417521875,3.00010851 427.459941196617,324.755559803253,3.00010851 430.416587069119,325.048170250205,3.00010851 433.43269869734,325.368554954465,3.00010851 436.613583801816,325.727098183047,3.00010851 440.162347009974,326.145492834424,3.00010851 443.760509445818,326.585119105952,3.00010851 447.237177515019,327.025609261967,3.00010851 450.3527,327.4339,3.00010851 454.610460970237,328.034325579048,3.00010851 457.940553848105,328.591660430313,3.00010851 461.233367425325,329.240741146445,3.00010851 464.258325307344,329.953736425,3.00010851 467.065092396179,330.743481937305,3.00010851 469.703333593848,331.622813354687,3.00010851 472.222713802366,332.604566348476,3.00010851 474.67289792375,333.70157659,3.00010851 477.103550860017,334.926679750586,3.00010851 479.564337513184,336.292711501562,3.00010851 482.104922785266,337.812507514258,3.00010851 484.774971578281,339.49890346,3.00010851 487.624148794246,341.364735010117,3.00010851 490.702119335176,343.422837835938,3.00010851 492.826898246834,344.830710618511,3.00010851 494.594756105268,346.026434583806,3.00010851 497.7431,348.1672,3.00010851 500.462849655569,350.015005202821,3.00010851 503.691579755157,352.210791357635,3.00010851 507.196616874514,354.599000716253,3.00010851 510.911767202034,357.13540438977,3.00010851 514.711441761032,359.735545836399,3.00010851 518.541152622482,362.364550266595,3.00010851 522.361368867643,364.996781948543,3.00010851 526.001630488965,367.520067167266,3.00010851 529.211055924201,369.769724158478,3.00010851 532.1913789187,371.877641338295,3.00010851 535.052395733453,373.915466304938,3.00010851 537.81903725928,375.899239747803,3.00010851 540.565739186267,377.877439719767,3.00010851 543.253783377602,379.824401728607,3.00010851 545.865668039017,381.728363009307,3.00010851 548.412179832969,383.596096433125,3.00010851 550.897033307732,385.429740962251,3.00010851 553.323943011583,387.231435558873,3.00010851 555.696623492796,389.003319185183,3.00010851 558.018789299646,390.747530803369,3.00010851 560.294154980409,392.466209375622,3.00010851 562.52643508336,394.16149386413,3.00010851 564.719344156774,395.835523231083,3.00010851 566.876596748926,397.490436438672,3.00010851 569.001907408092,399.128372449085,3.00010851 571.098990682546,400.751470224513,3.00010851 573.171561120565,402.361868727145,3.00010851 575.223333270422,403.96170691917,3.00010851 577.258021680395,405.553123762778,3.00010851 579.279340898757,407.13825822016,3.00010851 581.291005473783,408.719249253504,3.00010851 583.29672995375,410.298235825,3.00010851 585.300228886932,411.877356896838,3.00010851 587.305216821605,413.458751431207,3.00010851 589.315408306043,415.044558390298,3.00010851 591.334517888523,416.636916736299,3.00010851 593.366260117319,418.2379654314,3.00010851 595.414349540706,419.849843437792,3.00010851 597.48250070696,421.474689717663,3.00010851 599.574428164355,423.114643233203,3.00010851 601.693846461168,424.771842946602,3.00010851 603.844470145674,426.44842782005,3.00010851 606.030013766146,428.146536815736,3.00010851 608.254191870862,429.86830889585,3.00010851 610.520719008095,431.615883022581,3.00010851 612.833309726122,433.391398158119,3.00010851 615.195678573217,435.196993264654,3.00010851 617.611540097656,437.034807304375,3.00010851 620.084608847714,438.906979239472,3.00010851 622.618599371666,440.815648032135,3.00010851 625.225026646122,442.76835849155,3.00010851 627.884203934353,444.751032038916,3.00010851 630.553043214628,446.733372554442,3.00010851 633.313263318566,448.771577470286,3.00010851 636.191980079448,450.884003289628,3.00010851 639.309914470566,453.153876679609,3.00010851 642.889193033564,455.734700318332,3.00010851 646.652714896673,458.434002676099,3.00010851 650.410914451943,461.119023370594,3.00010851 654.123312449558,463.76413163778,3.00010851 657.736437554954,466.337550375381,3.00010851 661.099700414434,468.724958215798,3.00010851 664.09808127099,470.852282231048,3.00010851 666.5714,472.567,3.00010851 669.347290944512,474.226976607637,3.00010851 672.304995112344,475.557727617344,3.00010851 675.274396471191,476.592508455567,3.00010851 678.08537898875,477.36457454875,3.00010851 680.567826632715,477.90718132334,3.00010851 684.3428,478.4908,3.00010851)"
        color="rgba(0,0,0,1)"/>
      <vertex
        id="3"
        position="320.029 377.786"
        color="rgba(0,0,0,1)"/>
      <vertex
        id="4"
        position="684.343 478.491"
        color="rgba(0,0,0,1)"/>
      <edge
        id="8"
        startvertex="6"
        endvertex="7"
        curve="xywdense(5 237.0959,131.9485,3.00010851 237.236474550781,135.610154659961,3.00010851 237.792987792969,140.365242141602,3.00010851 239.063133816406,145.00645382418,3.00010851 241.825639518301,148.914061883359,3.00010851 243.728552089531,150.97867047625,3.00010851 245.763799113184,152.901107869141,3.00010851 247.92864198875,154.6306561525,3.00010851 250.220342115723,156.116597416797,3.00010851 252.636160893594,157.3082137525,3.00010851 255.173359721855,158.154787250078,3.00010851 257.8292,158.6056,3.00010851 261.313079339375,158.773906749615,3.00010851 265.501171808105,158.830085987676,3.00010851 269.600349933411,158.678475539226,3.00010851 273.790717121094,158.383878645156,3.00010851 278.009069057312,157.970982192395,3.00010851 282.192201428223,157.464473067871,3.00010851 286.276909919983,156.889038158513,3.00010851 290.19999021875,156.26936435125,3.00010851 293.898238010681,155.63013853301,3.00010851 297.308448981934,154.996047590723,3.00010851 300.367418818665,154.391778411316,3.00010851 303.011943207031,153.842017881719,3.00010851 306.804838383301,153.004770319668,3.00010851 308.1815,152.6818,3.00010851)"
        color="rgba(0,0,0,1)"/>
      <vertex
        id="6"
        position="237.096 131.948"
        color="rgba(0,0,0,1)"/>
      <vertex
        id="7"
        position="308.182 152.682"
        color="rgba(0,0,0,1)"/>
      <edge
        id="11"
        startvertex="9"
        endvertex="10"
        curve="xywdense(5 308.1815,152.6818,3.00010851 311.07398046875,154.7753449675,3.00010851 313.101609277344,156.703106838437,3.00010851 313.662386006365,158.931624496574,3.00010851 314.071583331388,161.626713522384,3.00010851 314.510766703143,164.507618684274,3.00010851 314.886576907988,167.287046334707,3.00010851 315.349565626755,171.398832926999,3.00010851 315.674361897031,175.108617232656,3.00010851 316.034799600891,178.823894937219,3.00010851 316.353789939746,182.47653843584,3.00010851 316.616974785173,186.117325946267,3.00010851 316.80999600875,189.79703568625,3.00010851 316.918495482053,193.566445873538,3.00010851 316.92811507666,197.476334725879,3.00010851 316.824496664148,201.577480461023,3.00010851 316.593282116094,205.920661296719,3.00010851 316.220113304075,210.556655450715,3.00010851 315.967664521339,213.045724836659,3.00010851 315.690632099668,215.536241140762,3.00010851 315.120794176173,220.183810640034,3.00010851 314.706126110761,223.005423583734,3.00010851 314.1053,226.7293,3.00010851 313.666303071774,229.333089068442,3.00010851 313.162830330317,232.262902884291,3.00010851 312.620335619149,235.364879282426,3.00010851 312.04619771371,238.59497727981,3.00010851 311.45442447123,241.871601907954,3.00010851 310.850582489862,245.153552958095,3.00010851 310.238885072893,248.411937482094,3.00010851 309.637399962148,251.52823872959,3.00010851 309.072475413592,254.326820788488,3.00010851 308.523483188104,256.950148195852,3.00010851 307.979337147125,259.476071335012,3.00010851 307.437759244927,261.922796755081,3.00010851 306.344387581131,266.711124468605,3.00010851 305.254504140313,271.261970948594,3.00010851 304.167500742297,275.601700919505,3.00010851 303.082769206909,279.756679105798,3.00010851 301.999701353975,283.753270231931,3.00010851 300.91768900332,287.617839022363,3.00010851 299.83612397477,291.376750201552,3.00010851 298.754398088149,295.056368493958,3.00010851 297.671903163284,298.683058624037,3.00010851 296.58803102,302.28318531625,3.00010851 295.502173478122,305.883113295055,3.00010851 294.413722357476,309.50920728491,3.00010851 293.322069477886,313.187832010274,3.00010851 292.22660665918,316.945352195605,3.00010851 291.126725721181,320.808132565363,3.00010851 290.021818483716,324.802537844006,3.00010851 288.91127676661,328.954932755993,3.00010851 287.794492389688,333.291682025781,3.00010851 286.670857172775,337.83915037783,3.00010851 285.539762935698,342.623702536599,3.00010851 284.978968301403,345.063464592973,3.00010851 284.414360917144,347.583419800903,3.00010851 283.843284869362,350.203416893256,3.00010851 283.252764680352,353.009517172129,3.00010851 282.618645344583,356.159512222953,3.00010851 281.971809531974,359.45805992859,3.00010851 281.333471213601,362.772992200853,3.00010851 280.708481480458,366.07257853832,3.00010851 280.103178682336,369.312133204004,3.00010851 279.534315013914,372.39835381642,3.00010851 279.010646758018,375.281278632459,3.00010851 278.5625,377.7862,3.00010851 277.99250551648,381.087947690111,3.00010851 277.637028421144,383.345828610039,3.00010851 277.207186046152,386.708515910254,3.00010851 276.773399231702,390.487306556326,3.00010851 276.481954996719,393.909668259531,3.00010851 276.317675194568,397.049462967248,3.00010851 276.265381678613,399.980552626855,3.00010851 276.309896302219,402.77679918573,3.00010851 276.43604091875,405.51206459125,3.00010851 276.62863738157,408.260210790793,3.00010851 276.872507544043,411.095099731738,3.00010851 277.152473259534,414.090593361462,3.00010851 277.453356381406,417.320553627344,3.00010851 277.759978763025,420.85884247676,3.00010851 278.057162257754,424.77932185709,3.00010851 278.343112659958,429.696728219904,3.00010851 278.5625,434.0623,3.00010851 278.633801379043,437.106391568008,3.00010851 278.635145225469,439.702470307188,3.00010851 278.73869602625,443.976519775,3.00010851 279.494623813906,447.736309355312,3.00010851 281.5244,451.8337,3.00010851 283.417440390767,454.891882684327,3.00010851 285.485101273672,458.100017702676,3.00010851 287.247530985752,460.852370291941,3.00010851 288.911841396875,463.397027019531,3.00010851 290.513403493701,465.768619120227,3.00010851 292.087588262891,468.001777828809,3.00010851 293.669766691103,470.131134380056,3.00010851 295.295309765,472.19132000875,3.00010851 296.99958847124,474.21696594967,3.00010851 298.817973796484,476.242703437598,3.00010851 300.785836727393,478.303163707312,3.00010851 302.938548250625,480.432977993594,3.00010851 305.311479352842,482.666777531223,3.00010851 307.940001020703,485.03919355498,3.00010851 310.789835191294,487.513214390972,3.00010851 314.1053,490.3384,3.00010851 316.183554827636,492.105132367167,3.00010851 318.401201145386,493.989296223481,3.00010851 320.649223090831,495.897239482614,3.00010851 322.831797875,497.753933745683,3.00010851 326.604121730176,500.994838000667,3.00010851 330.074661528125,503.963070580469,3.00010851 333.31254176709,506.687559037634,3.00010851 336.386886945312,509.197230924707,3.00010851 339.366821561035,511.521013794231,3.00010851 342.3214701125,513.68783519875,3.00010851 345.319957097949,515.726622690808,3.00010851 348.431407015625,517.666303822949,3.00010851 351.72494436377,519.535806147717,3.00010851 355.269693640625,521.364057217656,3.00010851 359.134779344434,523.17998458531,3.00010851 363.389325973438,525.012515803223,3.00010851 365.711548293255,525.954822352826,3.00010851 368.150990919508,526.909733333502,3.00010851 370.682368789009,527.867763589973,3.00010851 373.3433,528.8431,3.00010851 376.20644679839,529.862894738732,3.00010851 379.141391677992,530.878766758724,3.00010851 382.072121736744,531.862438481692,3.00010851 384.908085408184,532.780751675312,3.00010851 387.497057189526,533.578004311088,3.00010851 389.948045987678,534.293550199258,3.00010851 394.610875852344,535.541881135,3.00010851 398.984943028357,536.555407448242,3.00010851 403.158615541895,537.363792104687,3.00010851 407.220261419133,537.996698070039,3.00010851 411.25824868625,538.48378831,3.00010851 415.360945369421,538.854725790273,3.00010851 419.616719494824,539.139173476563,3.00010851 424.113939088635,539.36679433457,3.00010851 428.940972177031,539.56725133,3.00010851 431.505783789879,539.66656305603,3.00010851 434.186186786189,539.770207428555,3.00010851 436.972416967669,539.879844254555,3.00010851 439.937950942285,540.005325595937,3.00010851 443.218695922698,540.162647705802,3.00010851 446.617595896532,540.33503781755,3.00010851 450.018305073964,540.512260778315,3.00010851 453.3146,540.6907,3.00010851 456.324608164509,540.863510563161,3.00010851 459.158930943077,541.030142308973,3.00010851 461.875898767984,541.189466946339,3.00010851 464.450451959023,541.336373952636,3.00010851 469.155465831157,541.576475213059,3.00010851 473.404621599688,541.756063034219,3.00010851 477.287481740601,541.871120194617,3.00010851 480.893608729883,541.917629472754,3.00010851 484.312565043521,541.891573647131,3.00010851 487.6339131575,541.78893549625,3.00010851 490.947215547808,541.605697798611,3.00010851 494.34203469043,541.337843332715,3.00010851 497.907933061353,540.981354877063,3.00010851 501.734473136562,540.532215210156,3.00010851 505.911217392046,539.986407110496,3.00010851 510.527728303789,539.339913356582,3.00010851 513.216582610546,538.950874301923,3.00010851 516.007253825187,538.541108414669,3.00010851 518.786607317392,538.12733224561,3.00010851 521.4383,537.7288,3.00010851 525.896539044618,537.051946445682,3.00010851 529.843720394551,536.428470364375,3.00010851 533.422062433386,535.830444820996,3.00010851 536.665830533281,535.244376791875,3.00010851 539.63627831925,534.653164775488,3.00010851 542.394659416309,534.039707270312,3.00010851 545.00222744947,533.386902774824,3.00010851 547.52023604375,532.6776497875,3.00010851 550.009938824163,531.894846806817,3.00010851 552.532589415723,531.02139233125,3.00010851 555.149441443445,530.040184859277,3.00010851 557.921748532344,528.934122889375,3.00010851 560.910764307434,527.68610492002,3.00010851 564.177742393731,526.279029449688,3.00010851 568.057379660593,524.600629115393,3.00010851 571.7906,522.9193,3.00010851 574.561065157336,521.547908265779,3.00010851 576.875258441738,520.240776311523,3.00010851 580.837941064531,517.395125101563,3.00010851 584.042166714746,514.47831887207,3.00010851 586.85145423875,511.586330125,3.00010851 589.62932248291,508.815131362305,3.00010851 592.739290293594,506.260695085937,3.00010851 596.544876517168,504.018993797852,3.00010851 598.352480374557,503.179438578727,3.00010851 601.4096,502.186,3.00010851 604.291585379059,501.395891033966,3.00010851 607.726973200834,500.505880773031,3.00010851 611.42063398199,499.595407064706,3.00010851 615.211312368008,498.713231835098,3.00010851 618.781657012453,497.954294333383,3.00010851 622.304826407729,497.259500437869,3.00010851 625.862008451462,496.598637283898,3.00010851 629.411763581562,495.980000349531,3.00010851 632.943309100872,495.402258027153,3.00010851 636.445862312231,494.864078709143,3.00010851 639.908640518481,494.364130787886,3.00010851 643.320861022461,493.901082655762,3.00010851 646.671741127012,493.473602705154,3.00010851 649.950498134976,493.080359328445,3.00010851 653.146349349191,492.720020918016,3.00010851 656.2485120725,492.39125586625,3.00010851 659.246203607742,492.092732565529,3.00010851 662.128641257759,491.823119408235,3.00010851 664.88504232539,491.58108478675,3.00010851 667.504624113477,491.365297093457,3.00010851 672.290199062378,491.007136060974,3.00010851 676.399104527187,490.737983449844,3.00010851 679.74507893063,490.547186399124,3.00010851 682.24186069543,490.424092047871,3.00010851 684.3428,490.3384,3.00010851)"
        color="rgba(0,0,0,1)"/>
      <vertex
        id="9"
        position="308.182 152.682"
        color="rgba(0,0,0,1)"/>
      <vertex
        id="10"
        position="684.343 490.338"
        color="rgba(0,0,0,1)"/>
      <edge
        id="14"
        startvertex="12"
        endvertex="13"
        curve="xywdense(5 231.1721,126.0247,3.00010851 228.86569508082,127.707962810898,3.00010851 226.107913522651,129.705148696431,3.00010851 222.391723312812,132.377688565937,3.00010851 220.200313419935,133.944946947162,3.00010851 217.800607511841,135.654320667358,3.00010851 215.203040971098,137.496902007518,3.00010851 212.418049180273,139.463783248633,3.00010851 209.456067521934,141.546056671696,3.00010851 206.327531378648,143.7348145577,3.00010851 203.04287613298,146.021149187637,3.00010851 199.6125371675,148.3961528425,3.00010851 196.046949864774,150.850917803281,3.00010851 192.356549607368,153.376536350972,3.00010851 188.551771777851,155.964100766566,3.00010851 184.643051758789,158.604703331055,3.00010851 180.64082493275,161.289436325431,3.00010851 176.5555266823,164.009392030688,3.00010851 172.397592390007,166.755662727818,3.00010851 170.294647785221,168.135882536145,3.00010851 168.177457438438,169.519340697812,3.00010851 166.047325772477,170.904923747944,3.00010851 163.905557210159,172.291518221664,3.00010851 161.749969049144,173.680052790785,3.00010851 159.592327087739,175.063287580366,3.00010851 157.454858499739,176.4278563054,3.00010851 155.303996456342,177.793066867896,3.00010851 153.130584004881,179.163932213042,3.00010851 150.883618690742,180.569970926289,3.00010851 148.466765432202,182.067249370037,3.00010851 146.006865157925,183.581137158627,3.00010851 143.591096304154,185.059232756646,3.00010851 141.242111266429,186.490915975754,3.00010851 138.989961912363,187.864228450897,3.00010851 136.899628261985,189.130783176799,3.00010851 133.4294,191.1865,3.00010851 130.765930515371,192.434242026719,3.00010851 127.860995604219,193.29570601375,3.00010851 124.898477191895,193.838673191406,3.00010851 122.06225720375,194.13092479,3.00010851 119.536217565137,194.240242039844,3.00010851 116.15020703791,194.181198414531,3.00010851 118.552137281563,193.480685346191,3.00010851 121.971361330424,192.669487535554,3.00010851 126.638411215625,191.568191722656,3.00010851 129.36842291622,190.911634351267,3.00010851 132.349263911035,190.187645143127,3.00010851 135.572735475481,189.398733071953,3.00010851 139.02294815,188.54689463623,3.00010851 142.685935158777,187.634254453255,3.00010851 146.547729725996,186.66293714032,3.00010851 150.594365075842,185.63506731472,3.00010851 154.8118744325,184.55276959375,3.00010851 159.186291020154,183.418168594704,3.00010851 163.703648062988,182.233388934875,3.00010851 168.349978785188,181.00055523156,3.00010851 173.111316410938,179.721792102051,3.00010851 175.530748195201,179.065850945378,3.00010851 177.973694164421,178.399224163643,3.00010851 180.438408471621,177.722177334006,3.00010851 182.923145269824,177.03497603363,3.00010851 185.426158712053,176.337885839677,3.00010851 187.945702951331,175.631172329307,3.00010851 190.48003214068,174.915101079684,3.00010851 193.027400433125,174.189937667969,3.00010851 195.586061981688,173.455947671323,3.00010851 198.154270939392,172.713396666908,3.00010851 200.73431861543,171.961191309678,3.00010851 203.312347694316,171.20367394342,3.00010851 205.862389392059,170.449263678553,3.00010851 208.423069423373,169.684636870145,3.00010851 211.004753409791,168.905982328733,3.00010851 213.666252846875,168.09318179834,3.00010851 216.518862260391,167.208451034273,3.00010851 219.415498181265,166.300976813223,3.00010851 222.254309244374,165.403800581353,3.00010851 225.01089366363,164.527574085548,3.00010851 227.654342338511,163.687899553581,3.00010851 230.102325847196,162.902966988955,3.00010851 234.134,161.5675,3.00010851 237.000576570664,160.31501314832,3.00010851 239.725058302812,158.623954524062,3.00010851 242.23343703418,156.680972420898,3.00010851 244.4517046025,154.6727151325,3.00010851 246.305852845508,152.785830952539,3.00010851 248.9435,149.7199,3.00010851)"
        color="rgba(0,0,0,1)"/>
      <vertex
        id="12"
        position="231.172 126.025"
        color="rgba(0,0,0,1)"/>
      <vertex
        id="13"
        position="248.943 149.72"
        color="rgba(0,0,0,1)"/>
      <edge
        id="17"
        startvertex="15"
        endvertex="16"
        curve="xywdense(5 266.7149,117.139,3.00010851 263.902315626758,120.885467972266,3.00010851 262.2704950025,123.059690005,3.00010851 260.63886875293,125.234300787109,3.00010851 258.209816876914,128.475142347578,3.00010851 261.5778546875,127.11227265625,3.00010851 265.9281453125,124.93712734375,3.00010851 269.6768,123.0628,3.00010851)"
        color="rgba(0,0,0,1)"/>
      <vertex
        id="15"
        position="266.715 117.139"
        color="rgba(0,0,0,1)"/>
      <vertex
        id="16"
        position="269.677 123.063"
        color="rgba(0,0,0,1)"/>
      <edge
        id="20"
        startvertex="18"
        endvertex="19"
        curve="xywdense(5 320.0291,383.71,3.00010851 320.804965077031,386.404278451094,3.00010851 321.761525144434,389.317128345801,3.00010851 323.08537353875,392.86934253625,3.00010851 324.767662740723,396.757588909668,3.00010851 326.799545231094,400.678535353281,3.00010851 329.172173490605,404.328849754316,3.00010851 331.8767,407.4052,3.00010851 333.971825635764,409.382903655647,3.00010851 336.218851763457,411.397538646543,3.00010851 338.217419893093,413.154120558547,3.00010851 340.138582208281,414.769339574219,3.00010851 343.861487456152,417.630775050098,3.00010851 347.61316362875,420.09201734125,3.00010851 351.619206847754,422.263238714746,3.00010851 356.105213234844,424.254611437656,3.00010851 358.598701404446,425.217283388601,3.00010851 361.296778911699,426.176307777051,3.00010851 364.096983396223,427.12164451405,3.00010851 367.4195,428.1385,3.00010851 371.999475050886,429.418278489583,3.00010851 376.789562630879,430.632346330996,3.00010851 380.852468906482,431.462074817756,3.00010851 384.593183952031,432.068853368594,3.00010851 388.081126864905,432.494066870935,3.00010851 391.38571674248,432.779100212207,3.00010851 394.576372682136,432.965338279836,3.00010851 397.72251378125,433.09416596125,3.00010851 400.8935591372,433.206968143875,3.00010851 404.158927847363,433.345129715137,3.00010851 407.588039009119,433.550035562463,3.00010851 411.250311719844,433.863070573281,3.00010851 415.215165076916,434.325619635017,3.00010851 419.552018177715,434.979067635098,3.00010851 422.089819166176,435.440224774219,3.00010851 424.700389792922,435.953534145182,3.00010851 427.260331896823,436.491235069519,3.00010851 429.6194,437.0242,3.00010851 433.160779609421,437.960778559232,3.00010851 436.086215192832,438.909791819688,3.00010851 438.795300323757,439.958121036426,3.00010851 441.226044807031,441.054401794375,3.00010851 445.466134818652,443.32360594375,3.00010851 449.23373120375,445.5829802875,3.00010851 452.956079938379,447.698100845312,3.00010851 457.060426998594,449.534543636875,3.00010851 459.389364268313,450.306253376465,3.00010851 461.974018360449,450.957884681875,3.00010851 463.757451638673,451.387254027842,3.00010851 468.1241,451.8337,3.00010851 470.591242938033,452.022775828243,3.00010851 473.311506330617,452.207890978461,3.00010851 476.398910834582,452.413270172307,3.00010851 479.703118328358,452.622651526416,3.00010851 483.121105237194,452.828878549223,3.00010851 486.624948577465,453.028859786979,3.00010851 490.190666706462,453.220404564238,3.00010851 493.70341202668,453.393654054531,3.00010851 496.998962622299,453.534014577576,3.00010851 500.20145980556,453.653500019363,3.00010851 503.376471108001,453.758719603985,3.00010851 506.535495955903,453.851293636855,3.00010851 509.721573503614,453.935752625952,3.00010851 512.905652098465,454.009975187683,3.00010851 516.072197114106,454.073087168126,3.00010851 519.223696625938,454.12587738625,3.00010851 522.358133033924,454.168718917802,3.00010851 525.473488738029,454.201984838528,3.00010851 528.567746138216,454.226048224174,3.00010851 531.638887634448,454.241282150488,3.00010851 534.684895626689,454.248059693216,3.00010851 537.703752514903,454.246753928103,3.00010851 540.693440699052,454.237737930897,3.00010851 543.651942579102,454.221384777344,3.00010851 546.577240555014,454.19806754319,3.00010851 549.467317026752,454.168159304182,3.00010851 552.320154394281,454.132033136067,3.00010851 555.133735057563,454.09006211459,3.00010851 557.906041416563,454.042619315498,3.00010851 560.635055871243,453.990077814539,3.00010851 563.318760821568,453.932810687457,3.00010851 565.9551386675,453.87119101,3.00010851 568.542171809003,453.805591857914,3.00010851 571.077842646042,453.736386306946,3.00010851 575.987027006577,453.588648311348,3.00010851 580.666550948814,453.430961629177,3.00010851 585.100273672461,453.266310866406,3.00010851 589.272054377226,453.097680629006,3.00010851 593.165752262817,452.928055522949,3.00010851 596.765226528944,452.760420154206,3.00010851 600.054336375312,452.59775912875,3.00010851 603.016941001633,452.443057052551,3.00010851 605.636899607612,452.299298531582,3.00010851 609.784315557383,452.056550579219,3.00010851 613.2572,451.8337,3.00010851)"
        color="rgba(0,0,0,1)"/>
      <vertex
        id="18"
        position="320.029 383.71"
        color="rgba(0,0,0,1)"/>
      <vertex
        id="19"
        position="613.257 451.834"
        color="rgba(0,0,0,1)"/>
      <edge
        id="23"
        startvertex="21"
        endvertex="22"
        curve="xywdense(5 379.2671,531.805,3.00010851 379.617784042783,535.750785113455,3.00010851 379.832815343395,538.30835095426,3.00010851 380.04485791625,540.987232469688,3.00010851 380.371632136982,545.90354298012,3.00010851 380.518239950072,548.524052933552,3.00010851 380.655976561719,551.312530411914,3.00010851 380.790243209172,554.351642660666,3.00010851 380.911781170918,557.572581121782,3.00010851 381.014080467712,560.934938950394,3.00010851 381.09429611,564.4361782525,3.00010851 381.148666860803,568.064293896384,3.00010851 381.173431483145,571.807280750327,3.00010851 381.164828740046,575.653133682613,3.00010851 381.119097394531,579.589847561524,3.00010851 381.032476209622,583.605417255341,3.00010851 380.90120394834,587.687837632349,3.00010851 380.721519373708,591.825103560828,3.00010851 380.48966124875,596.005209909063,3.00010851 380.201868336487,600.216151545334,3.00010851 379.854379399941,604.445923337925,3.00010851 379.447364618654,608.665758260178,3.00010851 378.965268506094,612.913936865195,3.00010851 378.380741326176,617.279025390897,3.00010851 377.729336007101,621.581399756168,3.00010851 377.028772568925,625.731524961328,3.00010851 376.3052,629.5477,3.00010851 375.606814680968,632.712051781027,3.00010851 374.885194455009,635.543561559066,3.00010851 374.114951833487,638.220191936036,3.00010851 373.275179192481,640.847125779004,3.00010851 372.324174172234,643.634174740354,3.00010851 371.298933491614,646.445415066052,3.00010851 370.221697792244,649.20974839077,3.00010851 369.095032946094,651.942510200781,3.00010851 367.926423517546,654.63742751946,3.00010851 366.723354070984,657.288227370178,3.00010851 365.49330917079,659.888636776311,3.00010851 364.243773381348,662.43238276123,3.00010851 362.98223126704,664.913192348311,3.00010851 361.716167392249,667.324792560925,3.00010851 360.453066321358,669.660910422447,3.00010851 359.20041261875,671.91527295625,3.00010851 356.756385575916,676.153640134192,3.00010851 354.443962778809,679.989710281738,3.00010851 352.323020742493,683.373299585877,3.00010851 350.453435982031,686.254224233594,3.00010851 347.707844348926,690.307344307715,3.00010851 346.6862,691.7476,3.00010851)"
        color="rgba(0,0,0,1)"/>
      <vertex
        id="21"
        position="379.267 531.805"
        color="rgba(0,0,0,1)"/>
      <vertex
        id="22"
        position="346.686 691.748"
        color="rgba(0,0,0,1)"/>
      <edge
        id="26"
        startvertex="24"
        endvertex="25"
        curve="xywdense(5 373.3433,662.1286,3.00010851 374.676155,666.127165,3.00010851 376.097867,670.392301,3.00010851 376.9253478125,672.8747434375,3.00010851 377.78615,675.45715,3.00010851 378.6469521875,678.0395565625,3.00010851 379.474433,680.521999,3.00010851 380.896145,684.787135,3.00010851 382.229,688.7857,3.00010851)"
        color="rgba(0,0,0,1)"/>
      <vertex
        id="24"
        position="373.343 662.129"
        color="rgba(0,0,0,1)"/>
      <vertex
        id="25"
        position="382.229 688.786"
        color="rgba(0,0,0,1)"/>
      <edge
        id="29"
        startvertex="27"
        endvertex="28"
        curve="xywdense(5 370.3814,653.2429,3.00010851 371.210732,655.938229,3.00010851 372.15854,659.018605,3.00010851 373.02489575,661.8342611875,3.00010851 374.054156,665.179357,3.00010851 375.15746375,668.7651071875,3.00010851 376.3052,672.49525,3.00010851 377.45293625,676.2253928125,3.00010851 378.556244,679.811143,3.00010851 379.58550425,683.1562388125,3.00010851 380.45186,685.971895,3.00010851 381.399668,689.052271,3.00010851 382.229,691.7476,3.00010851)"
        color="rgba(0,0,0,1)"/>
      <vertex
        id="27"
        position="370.381 653.243"
        color="rgba(0,0,0,1)"/>
      <vertex
        id="28"
        position="382.229 691.748"
        color="rgba(0,0,0,1)"/>
      <edge
        id="32"
        startvertex="30"
        endvertex="31"
        curve="xywdense(5 367.4195,653.2429,3.00010851 362.532365,654.13147,3.00010851 360.00734525,654.5905645,3.00010851 357.319421,655.079278,3.00010851 354.2853246875,655.630931875,3.00010851 351.12905,656.2048,3.00010851 347.9727753125,656.778668125,3.00010851 344.938679,657.330322,3.00010851 342.1082133125,657.844952125,3.00010851 339.725735,658.27813,3.00010851 337.119263,658.752034,3.00010851 334.8386,659.1667,3.00010851)"
        color="rgba(0,0,0,1)"/>
      <vertex
        id="30"
        position="367.42 653.243"
        color="rgba(0,0,0,1)"/>
      <vertex
        id="31"
        position="334.839 659.167"
        color="rgba(0,0,0,1)"/>
      <edge
        id="35"
        startvertex="33"
        endvertex="34"
        curve="xywdense(5 370.3814,659.1667,3.00010851 372.691682,659.1667,3.00010851 375.71282,659.1667,3.00010851 378.467387,659.1667,3.00010851 381.399668,659.1667,3.00010851 384.70959125,659.1667,3.00010851 388.1528,659.1667,3.00010851 391.59600875,659.1667,3.00010851 394.905932,659.1667,3.00010851 397.99371275,659.1667,3.00010851 400.59278,659.1667,3.00010851 403.436204,659.1667,3.00010851 405.9242,659.1667,3.00010851)"
        color="rgba(0,0,0,1)"/>
      <vertex
        id="33"
        position="370.381 659.167"
        color="rgba(0,0,0,1)"/>
      <vertex
        id="34"
        position="405.924 659.167"
        color="rgba(0,0,0,1)"/>
      <edge
        id="38"
        startvertex="36"
        endvertex="37"
        curve="xywdense(5 453.3146,546.6145,3.00010851 453.225743,550.613065,3.00010851 453.1757609375,552.8622578125,3.00010851 453.107267,555.944485,3.00010851 453.01100525,560.27626375,3.00010851 452.948180574219,563.103374160156,3.00010851 452.870315,566.607325,3.00010851 452.769309582031,571.152568808594,3.00010851 452.713014680908,573.685839359131,3.00010851 452.6537260625,576.3538271875,3.00010851 452.592297008545,579.118134615479,3.00010851 452.52877090625,581.97680921875,3.00010851 452.463285148438,584.923668320312,3.00010851 452.396411,587.933005,3.00010851 452.32884265625,590.97358046875,3.00010851 452.26034871875,594.05580765625,3.00010851 452.190885800293,597.181638986817,3.00010851 452.1205840625,600.3452171875,3.00010851 452.049472430176,603.54524064209,3.00010851 451.977811226563,606.769994804688,3.00010851 451.905817387695,610.009717553711,3.00010851 451.83365,613.25725,3.00010851 451.761482612305,616.504782446289,3.00010851 451.689488773438,619.744505195313,3.00010851 451.617827569824,622.96925935791,3.00010851 451.5467159375,626.1692828125,3.00010851 451.476414199707,629.332861013184,3.00010851 451.40695128125,632.45869234375,3.00010851 451.33845734375,635.54091953125,3.00010851 451.270889,638.581495,3.00010851 451.204014851562,641.590831679688,3.00010851 451.13852909375,644.53769078125,3.00010851 451.075002991455,647.396365384522,3.00010851 451.0135739375,650.1606728125,3.00010851 450.954285319092,652.82866064087,3.00010851 450.897990417969,655.361931191407,3.00010851 450.796985,659.907175,3.00010851 450.719119425781,663.411125839844,3.00010851 450.65629475,666.23823625,3.00010851 450.560033,670.570015,3.00010851 450.489687875,673.735545625,3.00010851 450.441557,675.901435,3.00010851 450.382319,678.567145,3.00010851 450.3527,679.9,3.00010851)"
        color="rgba(0,0,0,1)"/>
      <vertex
        id="36"
        position="453.315 546.615"
        color="rgba(0,0,0,1)"/>
      <vertex
        id="37"
        position="450.353 679.9"
        color="rgba(0,0,0,1)"/>
      <edge
        id="41"
        startvertex="39"
        endvertex="40"
        curve="xywdense(5 450.3527,673.9762,3.00010851 448.2349415,674.746294,3.00010851 445.465565,675.75334,3.00010851 442.94054525,676.671529,3.00010851 440.252621,677.648956,3.00010851 437.2185246875,678.75226375,3.00010851 434.06225,679.9,3.00010851 430.9059753125,681.04773625,3.00010851 427.871879,682.151044,3.00010851 425.0414133125,683.18030425,3.00010851 422.658935,684.04666,3.00010851 420.052463,684.994468,3.00010851 417.7718,685.8238,3.00010851)"
        color="rgba(0,0,0,1)"/>
      <vertex
        id="39"
        position="450.353 673.976"
        color="rgba(0,0,0,1)"/>
      <vertex
        id="40"
        position="417.772 685.824"
        color="rgba(0,0,0,1)"/>
      <edge
        id="44"
        startvertex="42"
        endvertex="43"
        curve="xywdense(5 450.3527,673.9762,3.00010851 450.3527,676.598938117008,3.00010851 450.3527,679.992517723281,3.00010851 450.3527,683.010079207338,3.00010851 450.3527,686.159249637402,3.00010851 450.3527,689.637439829255,3.00010851 450.3527,693.22843892875,3.00010851 450.3527,696.819441499221,3.00010851 450.3527,700.297642104004,3.00010851 450.3527,703.550235306433,3.00010851 450.3527,706.464415669844,3.00010851 450.3527,710.826316132949,3.00010851 449.91810480957,708.44953159594,3.00010851 449.415536328125,704.983720786621,3.00010851 448.87175,700.63341107125,3.00010851 448.327963671875,696.283087471973,3.00010851 447.853596875,692.488116651719,3.00010851 447.3908,688.7857,3.00010851)"
        color="rgba(0,0,0,1)"/>
      <vertex
        id="42"
        position="450.353 673.976"
        color="rgba(0,0,0,1)"/>
      <vertex
        id="43"
        position="447.391 688.786"
        color="rgba(0,0,0,1)"/>
      <edge
        id="47"
        startvertex="45"
        endvertex="46"
        curve="xywdense(5 450.3527,676.9381,3.00010851 451.919373865156,679.430367615156,3.00010851 453.706730684668,682.166458028418,3.00010851 456.01144697375,685.55874697375,3.00010851 458.719532391113,689.354405047363,3.00010851 461.716996595469,693.300602845469,3.00010851 464.889849245527,697.144510964277,3.00010851 468.1241,700.6333,3.00010851 470.541413033281,702.141679970781,3.00010851 473.46673819625,703.05846669625,3.00010851 475.942169261094,703.503145073594,3.00010851 476.098668652344,700.757676660156,3.00010851 475.000683066406,697.505371621094,3.00010851 474.0479,694.7095,3.00010851)"
        color="rgba(0,0,0,1)"/>
      <vertex
        id="45"
        position="450.353 676.938"
        color="rgba(0,0,0,1)"/>
      <vertex
        id="46"
        position="474.048 694.71"
        color="rgba(0,0,0,1)"/>
      <edge
        id="50"
        startvertex="48"
        endvertex="49"
        curve="xywdense(5 462.2003,676.9381,3.00010851 464.510582,676.9381,3.00010851 467.53172,676.9381,3.00010851 470.286287,676.9381,3.00010851 473.218568,676.9381,3.00010851 476.52849125,676.9381,3.00010851 479.9717,676.9381,3.00010851 483.41490875,676.9381,3.00010851 486.724832,676.9381,3.00010851 489.81261275,676.9381,3.00010851 492.41168,676.9381,3.00010851 495.255104,676.9381,3.00010851 497.7431,676.9381,3.00010851)"
        color="rgba(0,0,0,1)"/>
      <vertex
        id="48"
        position="462.2 676.938"
        color="rgba(0,0,0,1)"/>
      <vertex
        id="49"
        position="497.743 676.938"
        color="rgba(0,0,0,1)"/>
      <edge
        id="53"
        startvertex="51"
        endvertex="52"
        curve="xywdense(5 610.2953,454.7956,3.00010851 614.886245,453.877411,3.00010851 617.70005,453.31465,3.00010851 620.513855,452.751889,3.00010851 625.1048,451.8337,3.00010851)"
        color="rgba(0,0,0,1)"/>
      <vertex
        id="51"
        position="610.295 454.796"
        color="rgba(0,0,0,1)"/>
      <vertex
        id="52"
        position="625.105 451.834"
        color="rgba(0,0,0,1)"/>
      <edge
        id="56"
        startvertex="54"
        endvertex="55"
        curve="xywdense(5 358.5338,374.8243,3.00010851 360.658616152344,372.825827394531,3.00010851 363.073186535645,370.730066208496,3.00010851 366.17457640625,368.26091471875,3.00010851 369.801819226074,365.68659263916,3.00010851 373.793948457031,363.275319683594,3.00010851 377.989997561035,361.295315565918,3.00010851 382.229,360.0148,3.00010851 384.602750930611,359.55234285587,3.00010851 387.17185502063,359.144242198999,3.00010851 390.035179851192,358.705264064552,3.00010851 392.973682734863,358.298578531152,3.00010851 395.760530155857,357.968937649859,3.00010851 398.517962180359,357.686361538538,3.00010851 401.302767577934,357.434882552528,3.00010851 404.084466722656,357.217216030469,3.00010851 406.854397087471,357.031406565172,3.00010851 409.603896145325,356.875498749451,3.00010851 412.324301369164,356.747537176118,3.00010851 415.006950231934,356.645566437988,3.00010851 417.643180206581,356.567631127873,3.00010851 420.224328766052,356.511775838586,3.00010851 425.18673153125,356.45848369375,3.00010851 429.824858311096,356.470046745984,3.00010851 434.06940888916,356.530821737793,3.00010851 437.851083049011,356.625165411682,3.00010851 441.100580574219,356.737434510156,3.00010851 445.725844854981,356.953175950879,3.00010851 447.3908,357.0529,3.00010851)"
        color="rgba(0,0,0,1)"/>
      <vertex
        id="54"
        position="358.534 374.824"
        color="rgba(0,0,0,1)"/>
      <vertex
        id="55"
        position="447.391 357.053"
        color="rgba(0,0,0,1)"/>
      <edge
        id="59"
        startvertex="57"
        endvertex="58"
        curve="xywdense(5 379.2671,389.6338,3.00010851 382.743352446875,386.337092493262,3.00010851 385.09967348,384.35276932375,3.00010851 387.837635328125,382.288099988769,3.00010851 390.826951415,380.360502989219,3.00010851 393.937335164375,378.787396825996,3.00010851 397.0385,377.7862,3.00010851 399.877325859955,377.283553638518,3.00010851 403.134326804902,376.851197011035,3.00010851 406.336180838069,376.576897664783,3.00010851 409.580892320469,376.412318057031,3.00010851 412.82363402367,376.343146917541,3.00010851 416.019578719238,376.355072976074,3.00010851 419.123899178743,376.43378496239,3.00010851 422.09176817375,376.56497160625,3.00010851 424.878358475828,376.734321637415,3.00010851 427.438842856543,376.927523785645,3.00010851 431.702184940156,377.328239352344,3.00010851 435.5432,377.7862,3.00010851)"
        color="rgba(0,0,0,1)"/>
      <vertex
        id="57"
        position="379.267 389.634"
        color="rgba(0,0,0,1)"/>
      <vertex
        id="58"
        position="435.543 377.786"
        color="rgba(0,0,0,1)"/>
      <edge
        id="62"
        startvertex="60"
        endvertex="61"
        curve="xywdense(5 423.6956,395.5576,3.00010851 427.694165,395.5576,3.00010851 431.959301,395.5576,3.00010851 434.4417434375,395.5576,3.00010851 437.02415,395.5576,3.00010851 439.6065565625,395.5576,3.00010851 442.088999,395.5576,3.00010851 446.354135,395.5576,3.00010851 450.3527,395.5576,3.00010851)"
        color="rgba(0,0,0,1)"/>
      <vertex
        id="60"
        position="423.696 395.558"
        color="rgba(0,0,0,1)"/>
      <vertex
        id="61"
        position="450.353 395.558"
        color="rgba(0,0,0,1)"/>
      <edge
        id="65"
        startvertex="63"
        endvertex="64"
        curve="xywdense(5 405.9242,404.4433,3.00010851 407.143528034082,401.912567601074,3.00010851 408.882007140137,398.837022043457,3.00010851 410.880240248223,396.245122360059,3.00010851 413.569697512871,395.092522114902,3.00010851 418.195071129395,394.845746094238,3.00010851 422.968433302637,395.130487656543,3.00010851 426.6575,395.5576,3.00010851)"
        color="rgba(0,0,0,1)"/>
      <vertex
        id="63"
        position="405.924 404.443"
        color="rgba(0,0,0,1)"/>
      <vertex
        id="64"
        position="426.658 395.558"
        color="rgba(0,0,0,1)"/>
    </objects>
  </layer>
</vec>
