<?xml version="1.0" encoding="UTF-8"?>
<!-- Created with VPaint (http://www.vpaint.org) -->

<vec
  version="1.7">
  <playback
    framerange="0 47"
    fps="24"
    subframeinbetweening="off"
    playmode="normal"/>
  <canvas
    position="0 0"
    size="1280 720"/>
  <layer
    name="Layer 1"
    visible="true">
    <background
      color="rgba(255,255,255,1)"
      image=""
      position="0 0"
      size="cover"
      repeat="norepeat"
      opacity="1"
      hold="yes"/>
    <objects>
      <edge
        id="2"
        startvertex="0"
        endvertex="1"
        curve="xywdense(5 406,244,10 406,240.82745829471,10 406,237.378398038921,10 406.000195436947,233.739094417365,10 406.005678922018,230.047930631966,10 406.016823037145,226.32952700469,10 406.036816313157,222.598461188193,10 406.058125430555,218.850216305766,10 406.073223836585,215.089336035788,10 406.079185328461,211.322292307572,10 406.086260771536,207.562038175148,10 406.097015943054,203.805808189405,10 406.101637993532,200.051850911556,10 406.092406894759,196.3006769305,10 406.065945977102,192.55346194834,10 406.022995201372,188.812693254736,10 405.996375609901,185.091124743873,10 405.992182118678,181.371346887827,10 405.972853231183,177.649248361067,10 405.91526009452,173.930461478891,10 405.819214772305,170.225971677556,10 405.747722192038,166.54400986099,10 405.671558713186,162.853312575891,10 405.550301008273,159.158093685625,10 405.397085579122,155.545498851286,10 405.240120899855,152.09269480301,10 405.37470149363,148.84171597344,10 406.258967796477,145.915775003153,10 409.204280865138,143.692273191086,10 413.227411996332,142.515393616741,10 416.851788339995,141.020928588734,10 420.071075115338,138.963459432011,10 423.068623855647,136.803402984616,10 425.963687791213,134.63849957094,10 429.022519124379,132.4295618327,10 432.109038620978,130.298550504171,10 435.248334432954,128.202943275767,10 438.408943870567,126.186667785015,10 441.578946986679,124.235690339266,10 444.754509362779,122.318412817073,10 447.953463733107,120.454849771953,10 451.164920937605,118.635182832433,10 454.398110213458,116.836246325396,10 457.664635670339,115.063704108767,10 460.94079084569,113.322155206354,10 464.229663795067,111.595998948208,10 467.540926742277,109.874940274165,10 470.89058546136,108.162848692103,10 474.253303167541,106.46941093668,10 477.633153707178,104.790612216599,10 481.02768068101,103.129991330713,10 484.42875257574,101.493339371457,10 487.837223006665,99.8821724372848,10 491.254022028359,98.2989641202716,10 494.680071696774,96.7469468042952,10 498.116887663886,95.2287236886392,10 501.566040626126,93.7442066422138,10 505.029675465381,92.2935495681624,10 508.510080429873,90.8766137169131,10 512.009179309614,89.4923636551305,10 515.530875551359,88.1367976621233,10 519.065785600393,86.812658689718,10 522.6092524932,85.5248074932534,10 526.162814137044,84.2750370772781,10 529.727802550648,83.0648430320032,10 533.305220215178,81.8953629445292,10 536.893734322669,80.7679562279635,10 540.486662099475,79.6853242639762,10 544.084846881962,78.648000353169,10 547.686498048615,77.6558776065444,10 551.293845538321,76.7073169496301,10 554.909401324053,75.8012105707146,10 558.535806039584,74.9369216901449,10 562.172537963783,74.1150272507448,10 565.815549150676,73.3373676839124,10 569.469229123527,72.6036508979294,10 573.129294904534,71.9155822888882,10 576.798267164341,71.27343836202,10 580.478924017098,70.6764834419686,10 584.173699153828,70.1233947164541,10 587.88496862591,69.6125360973004,10 591.614776787579,69.1423031235994,10 595.364468121501,68.7112672089199,10 599.123741679325,68.3198349740058,10 602.895353038389,67.9668739609089,10 606.666919593788,67.6525907181101,10 610.438065467401,67.3761140207389,10 614.209199477274,67.13659702101,10 617.980068244139,66.9338046784632,10 621.751582029038,66.7683601837404,10 625.515320079785,66.6408494991054,10 629.270701056503,66.5515790017675,10 633.018000285522,66.5021569653472,10 636.758268354226,66.4927530534921,10 640.494655417347,66.5241541463401,10 644.230104632351,66.5992747671127,10 647.967365368747,66.7225218558268,10 651.701414837032,66.8981185699368,10 655.42462698664,67.1277650563459,10 659.137807288869,67.4132987349251,10 662.841514406418,67.7563058813226,10 666.53508907581,68.1578808990974,10 670.218758458155,68.6220540755089,10 673.894556499189,69.1538389099381,10 677.563607443017,69.7567888236726,10 681.230242300269,70.4337674772758,10 684.883508496474,71.1843360566627,10 688.523296801504,72.0095638034475,10 692.151041068152,72.9102237419405,10 695.7694758407,73.8867673489357,10 699.368338504049,74.9363190872591,10 702.948816720757,76.059289538284,10 706.51187312555,77.2560528713023,10 710.061926932577,78.5287247009648,10 713.585085356352,79.8722427688275,10 717.080275875537,81.2853193519118,10 720.543844226901,82.7657080107833,10 723.974049738094,84.3104849635849,10 727.372996362592,85.9178550164668,10 730.742353851958,87.5858833367585,10 734.083260219328,89.3127597704262,10 737.394554830591,91.0962748662082,10 740.672297920033,92.934830508355,10 743.917718780068,94.8295242936594,10 747.128997125019,96.7790421693665,10 750.310137687643,98.7841004411413,10 753.46453884397,100.843500880401,10 756.595001784314,102.955624117435,10 759.689633147819,105.111760050509,10 762.749989759913,107.312943742941,10 765.778424458916,109.558517064559,10 768.777156693534,111.847894038113,10 771.741375792589,114.176876636984,10 774.674826782924,116.544725535883,10 777.582802801737,118.952730900207,10 780.467852210157,121.40304881465,10 783.324543299253,123.893466736545,10 786.141690223299,126.415796192379,10 788.919825843691,128.975645309295,10 791.656300491372,131.579787145632,10 794.339694577783,134.227468919234,10 796.957854802086,136.912938858876,10 799.50404585502,139.63686391028,10 801.974188205148,142.403490180696,10 804.368346692187,145.230299686177,10 806.682065767194,148.131340221048,10 808.897247451915,151.097983670138,10 810.99953678721,154.127077955736,10 812.992090374843,157.230097765784,10 814.875380320574,160.399483524735,10 816.642331754425,163.616093332802,10 818.305447935492,166.873756992391,10 819.886365338184,170.173803344581,10 821.371125403103,173.525005529109,10 822.772855357372,176.959246924677,10 824.089997821166,180.451058684937,10 825.34379700947,183.98911882112,10 826.52976321115,187.558613520089,10 827.639089281811,191.190851221431,10 828.65434700241,194.859015432391,10 829.593999538957,198.538100703767,10 830.507593382056,202.38919851592,10 831.367231172234,205.965738340467,10 832.226664849517,209.196409051859,10 834,211,10)"
        color="rgba(0,0,0,1)"/>
      <vertex
        id="0"
        position="406 244"
        color="rgba(0,0,0,1)"/>
      <vertex
        id="1"
        position="834 211"
        color="rgba(0,0,0,1)"/>
      <edge
        id="5"
        startvertex="3"
        endvertex="4"
        curve="xywdense(5 410.044723230893,302.481819986099,10 409.948188892624,306.354812150973,10 409.888095595153,310.188873013854,10 409.845287834573,314.015505777492,10 409.833680814567,317.834658024554,10 409.868326607598,321.648126695887,10 409.959125708537,325.460690210971,10 410.117147488345,329.271898192434,10 410.350293156685,333.078555513195,10 410.662431430429,336.87421779251,10 411.059045568388,340.659123229847,10 411.54575210475,344.432214058059,10 412.126656767306,348.191122411086,10 412.804367477327,351.930967134958,10 413.578871347623,355.642840830628,10 414.449066089016,359.321376585045,10 415.413923888502,362.963637721752,10 416.472259073031,366.56855909417,10 417.618999130465,370.142833005136,10 418.846728247357,373.699243422151,10 420.149170539314,377.248062943756,10 421.517564701756,380.764532622466,10 422.952260001657,384.245085089942,10 424.443557294002,387.68254634388,10 425.984107050208,391.082031076633,10 427.569304258205,394.451561835173,10 429.190349790875,397.786686104805,10 430.84303672189,401.093413073218,10 432.522271236065,404.374328865277,10 434.228884803602,407.635222991383,10 435.964515116127,410.885814045462,10 437.73476703495,414.140111819745,10 439.531687698452,417.387504939476,10 441.354943693009,420.636035321658,10 443.191304510603,423.869328690308,10 445.038977665033,427.088170334919,10 446.90202632557,430.295924466977,10 448.785812416427,433.493774103498,10 450.698100271972,436.679729588124,10 452.652526196555,439.854291036561,10 454.66034275626,443.012253993511,10 456.720767793182,446.134135837618,10 458.844565208228,449.21770206881,10 461.042380998614,452.259834361806,10 463.320182469682,455.255821478837,10 465.672787475628,458.191567043868,10 468.099632318496,461.066252316587,10 470.596188330408,463.88319911936,10 473.159261143287,466.636598340785,10 475.795107404706,469.320795810355,10 478.512313164025,471.934895377238,10 481.311181469213,474.47439914908,10 484.1936778954,476.939722177658,10 487.158562575414,479.327213497745,10 490.18390075758,481.62635093627,10 493.262461256725,483.841129772418,10 496.38953088842,485.975798883397,10 499.562488360086,488.036045318334,10 502.777815958887,490.026116054614,10 506.035906461267,491.949497410781,10 509.310313444357,493.792899303163,10 512.577594192439,495.547922561246,10 515.935499883296,497.246332890896,10 519.3204213675,498.860822711738,10 522.719542312263,500.389320973735,10 526.154327522791,501.83141063175,10 529.608082818679,503.189928093002,10 532.993698525362,504.430073095019,10 536.516889332204,505.642219331247,10 540.055839473075,506.771374575886,10 543.610907930858,507.816870892046,10 547.122798799865,508.761860551522,10 550.736006682538,509.645580751886,10 554.363421886735,510.443646323141,10 558.004868996165,511.157711586421,10 561.646012514328,511.782498697995,10 565.323385887763,512.344753250681,10 569.014882987133,512.836032544137,10 572.700996799278,513.261827834272,10 576.445585289879,513.627852262306,10 580.126408807236,513.919801465904,10 583.906544167748,514.18539658684,10 587.688372146167,514.403564754638,10 591.470640245675,514.580123145562,10 595.252181026657,514.720336885223,10 599.049719318151,514.827063769909,10 602.815408884944,514.909279497186,10 606.57772091254,514.961724140268,10 610.336752525127,514.985302792277,10 614.091845546701,514.979394149746,10 617.84160167236,514.94254605391,10 621.586416392335,514.873644472291,10 625.326853572725,514.770713008009,10 629.063279448954,514.631556808237,10 632.797660421507,514.454611343116,10 636.526743683131,514.239669809676,10 640.250052100916,513.987567401112,10 643.968919055201,513.700692573741,10 647.683193632123,513.378428529226,10 651.39446464068,513.019554392716,10 655.104306148236,512.623818364876,10 658.81393785082,512.192138921435,10 662.525208685309,511.726395576007,10 666.23165264838,511.227847357134,10 669.933492884188,510.696732675801,10 673.63121465047,510.133574791084,10 677.325374165615,509.539087911949,10 681.016641617822,508.914097770203,10 684.705840668355,508.259462104993,10 688.393972479932,507.575936877545,10 692.081778443154,506.864322975592,10 695.771989430185,506.124733206051,10 699.458830817293,505.359395109537,10 703.1406895789,504.570459898951,10 706.817828713228,503.759160956809,10 710.491486794283,502.925701716017,10 714.158211039314,502.071744756638,10 717.81733610828,501.199575610485,10 721.469328055957,500.310693438769,10 725.114473472897,499.406054945345,10 728.752891480964,498.486177564462,10 732.384575707953,497.551311615367,10 736.009396146867,496.601451670127,10 739.627059795787,495.636361588327,10 743.237244300682,494.655598690432,10 746.840305459593,493.65855944647,10 750.436765414685,492.644841713887,10 754.027371441204,491.614325526693,10 757.613095121318,490.567271954183,10 761.195212615165,489.504353950426,10 764.773279633623,488.426706390766,10 768.351019130394,487.334810844769,10 771.923380586559,486.231480290062,10 775.490461061086,485.117251660779,10 779.053434188992,483.993479638202,10 782.61332902132,482.861900361425,10 786.172110766171,481.72466748136,10 789.732539032745,480.584233681488,10 793.294252946276,479.444836743545,10 796.859333693358,478.31045583132,10 800.430043890595,477.184976961726,10 804.008456514862,476.072041364233,10 807.596426436277,474.974822541107,10 811.194985904889,473.896021761057,10 814.806642936146,472.836962876784,10 818.424442388042,471.80119313622,10 822.047668604041,470.789773827248,10 825.676360870168,469.802818628367,10 829.310218081726,468.839736720684,10 832.948543997618,467.89930035596,10 836.590171499223,466.98128434931,10 840.235209736498,466.085619250267,10 843.883734058799,465.211758568803,10 847.535864198235,464.35955061864,10 851.192443014309,463.529566401845,10 854.854238059691,462.722108117136,10 858.521923781825,461.937332774103,10 862.196162522117,461.175488694704,10 865.87748333219,460.437197127003,10 869.565871068314,459.723618692567,10 873.256793541173,459.035406399077,10 876.95011151027,458.371353714776,10 880.64573194271,457.730194132779,10 884.343548358931,457.110768957211,10 888.043479884142,456.512139665446,10 891.745491427277,455.933703939888,10 895.449052883113,455.375447777397,10 899.153453060257,454.838435080805,10 902.859563627249,454.323343243545,10 906.568158154653,453.830188615598,10 910.27997819099,453.358670042133,10 913.995713153789,452.908428440027,10 917.716559294937,452.479212642097,10 921.439370584224,452.072088391645,10 925.162200730749,451.689253554545,10 928.886035216064,451.331196818486,10 932.611681356023,450.997226350046,10 936.339730917359,450.686136109513,10 940.069626941192,450.396758628248,10 943.798012939544,450.130014230786,10 947.527447020624,449.887083920615,10 951.259989534748,449.668389122273,10 954.99706111606,449.474417611684,10 958.739967351945,449.306276647179,10 962.486084513416,449.166221981023,10 966.235653365905,449.056535069004,10 969.990093096025,448.981156673545,10 973.744902214751,448.943136942861,10 977.501078759619,448.943969270601,10 981.259668213426,448.990602266783,10 985.020962041242,449.092892801153,10 988.780599810117,449.261006551761,10 992.532570574084,449.495235557376,10 996.27641103733,449.798546267559,10 1000.00924428343,450.178344072633,10 1003.73254561936,450.652263588384,10 1007.44327087537,451.237499363099,10 1011.12998710006,451.945764110869,10 1014.79355511978,452.791402628523,10 1018.43355958083,453.775374388671,10 1022.04367796348,454.88772141394,10 1025.62420584869,456.128752021124,10 1029.18053845028,457.482378577584,10 1032.72223502833,458.931201062375,10 1036.23480066212,460.430705295008,10 1039.72958171926,461.938663778749,10 1043.20120015671,463.449927240138,10 1046.64635699968,465.069482267709,10 1050.02395764261,466.764087245602,10 1053.31358238723,468.61171663779,10 1056.44903103567,470.429957253275,10 1059.37148660087,471.622369451264,10 1061.80632144869,470.407513568784,10)"
        color="rgba(0,0,0,1)"/>
      <vertex
        id="3"
        position="410.045 302.482"
        color="rgba(0,0,0,1)"/>
      <edge
        id="16"
        startvertex="14"
        endvertex="4"
        curve="xywdense(5 834.578164065853,361.51891519491,10 838.47431003217,360.420484391685,10 842.026642785637,359.443368081104,10 845.582952844747,358.486517787616,10 849.144587011316,357.548438811255,10 852.709920185248,356.62891682007,10 856.274820479853,355.728205955308,10 859.840056510709,354.845721272893,10 863.406471698486,353.981452876068,10 866.975007558188,353.135916272399,10 870.546737611714,352.310097014034,10 874.122804237816,351.505328853394,10 877.704946961475,350.722700261169,10 881.295587402316,349.963199085791,10 884.897206426069,349.227932971088,10 888.512087766097,348.518022272747,10 892.143510887344,347.833999260169,10 895.78937114985,347.177111572526,10 899.448983461336,346.547891856264,10 903.123871996078,345.945526115163,10 906.803351104068,345.372800040899,10 910.487101071859,344.831251187364,10 914.175090076083,344.321565951164,10 917.867316454878,343.843567378149,10 921.56119455016,343.397138157323,10 925.255303660214,342.982515353844,10 928.949950851671,342.599466941454,10 932.645217930093,342.247515774627,10 936.340991890639,341.926120642956,10 940.03697195614,341.634808768429,10 943.732698141395,341.373293044401,10 947.426572552953,341.141248374178,10 951.119330994432,340.937158433897,10 954.812157506615,340.760009504503,10 958.502378756862,340.609795022702,10 962.192554870197,340.487658856243,10 965.884817601354,340.395159868237,10 969.580380450332,340.334132611299,10 973.279702531826,340.306675326154,10 976.981753479055,340.315269104895,10 980.683776885661,340.36008449939,10 984.388030240377,340.439776390768,10 988.096308234331,340.55561870061,10 991.809641625845,340.710455615767,10 995.528534492745,340.907775775023,10 999.253213576771,341.15110534135,10 1002.9838677949,341.443615485896,10 1006.72052538339,341.787806105389,10 1010.45754222243,342.184194409715,10 1014.1711421373,342.632457862939,10 1017.86278031085,343.13419726974,10 1021.50876499097,343.694542121056,10 1025.12215510387,344.315065281218,10 1028.6950330757,345.005891902578,10 1032.2597678657,345.739880505208,10 1035.82524374273,346.468600620428,10 1039.38533259313,347.175565407857,10 1042.91193203987,347.912165729615,10 1046.41461214315,348.678575833423,10 1049.84846157876,349.435188843754,10 1053.21727902116,350.201968009506,10 1056.48870157984,351.009590811443,10 1059.55868156554,351.914268199517,10 1062.09257938566,353.576140329594,10 1062.33308031195,357.40303333924,10 1060.64561196233,361.380836802062,10 1059.11445073583,364.944373601584,10 1058.097803326,368.563778260382,10 1057.45290420528,372.220531873792,10 1057.04795616959,375.844261825484,10 1056.64370415884,379.517682244943,10 1056.31678309498,383.224166526008,10 1056.0685282247,386.844912395419,10 1055.86494660476,390.485581232832,10 1055.70975323418,394.116667844916,10 1055.59571058299,397.780571243224,10 1055.51525019288,401.482621719954,10 1055.46083044339,405.204717653295,10 1055.4133431075,409.012332664928,10 1055.35738349502,412.827978627232,10 1055.28202597278,416.625568889493,10 1055.1931883374,420.403153715844,10 1055.12920841,424.180055313192,10 1055.12800350626,427.908604345191,10 1055.20316315049,431.603128187814,10 1055.35218569218,435.236921840779,10 1055.59094376082,438.814522134096,10 1055.92879506349,442.421924025223,10 1056.30997969345,446.072845095959,10 1056.72491496224,449.679761032694,10 1057.1945537161,453.231171260585,10 1057.65578904609,456.820871694431,10 1058.28828998706,460.408946150585,10 1059.2558949915,463.913051207477,10 1060.31638036125,467.505729204469,10 1061.80632144869,470.407513568784,10)"
        color="rgba(0,0,0,1)"/>
      <vertex
        id="4"
        position="1061.81 470.408"
        color="rgba(0,0,0,1)"/>
      <edge
        id="12"
        startvertex="6"
        endvertex="11"
        curve="xywdense(5 415.292401155352,268.896681269562,10 419.136363456111,268.896681269562,10 422.955756129516,268.896681269562,10 426.779941427005,268.896681269562,10 430.597823801998,268.896681269562,10 434.407014155763,268.896681269562,10 438.213888545716,268.896681269562,10 442.019525557936,268.896681269562,10 445.819519670646,268.896681269562,10 449.614240989228,268.896681269561,10 453.402621237224,268.896681269562,10 457.18657241913,268.896681269562,10 460.965871095373,268.896681269562,10 464.740721437598,268.896681269561,10 468.511748914506,268.896681269561,10 472.278013911352,268.896681269562,10 476.040181057326,268.896681269562,10 479.798697361622,268.896681269562,10 483.553712570267,268.896681269562,10 487.305201552384,268.896681269562,10 491.052262013188,268.896681269562,10 494.794349125417,268.896681269562,10 498.532010040798,268.896681269562,10 502.265807027826,268.896681269561,10 505.996450904452,268.896681269562,10 509.724603871373,268.896681269562,10 513.450866826292,268.896681269562,10 517.177892200677,268.896681269562,10 520.909176020308,268.896681269561,10 524.649059839909,268.896681269562,10 528.402319368298,268.896681269562,10 532.170198910782,268.896681269562,10 535.942242667424,268.896681269562,10 539.71982719079,268.896681269562,10 543.503452855962,268.896681269562,10 547.285931512052,268.896681269562,10 551.067730314112,268.896681269562,10 554.849206794616,268.896681269562,10 558.630433768114,268.896681269562,10 562.411760481823,268.896681269562,10 566.192086408225,268.896681269561,10 569.97150211149,268.896681269562,10 573.750511685065,268.896681269562,10 577.529446981219,268.896681269562,10 581.308488962138,268.896681269562,10 585.087685080418,268.896681269562,10 588.866962018916,268.896681269562,10 592.646134090741,268.896681269562,10 596.424892476505,268.896681269562,10 600.202873899609,268.896679226354,10 603.97964980038,268.896531571902,10 607.755707336375,268.895965548878,10 611.531700809047,268.894874282692,10 615.308315848185,268.893293805551,10 619.085904967598,268.891357870178,10 622.866329196447,268.889261394465,10 626.642893599469,268.887074588647,10 630.412575546605,268.884601599398,10 634.175536622517,268.881873231149,10 637.931893100435,268.879133800073,10 641.681591506838,268.876749898096,10 645.424836323229,268.875135519682,10 649.158332410356,268.874425537653,10 652.882825122539,268.874398259987,10 656.600387902699,268.875170176316,10 660.312967435659,268.877099482425,10 664.02223569921,268.880620876804,10 667.730572852547,268.886116290025,10 671.434441403721,268.894063876927,10 675.133986187733,268.905153885964,10 678.832745575539,268.919432924367,10 682.534166904023,268.936243891793,10 686.241564795168,268.954329995957,10 689.955338870136,268.9720509146,10 693.670796232844,268.988308947416,10 697.392876859897,269.001566287846,10 701.117354441086,269.009676471531,10 704.846030706939,269.010585431227,10 708.583538165404,269.001646376867,10 712.328088657444,268.979836141992,10 716.080906534319,268.942233298917,10 719.843306730102,268.886684457481,10 723.606349339104,268.811387230321,10 727.370923880646,268.715319439233,10 731.137966630258,268.598692231636,10 734.908289956891,268.462909164048,10 738.678349023841,268.310166633292,10 742.442208040628,268.142047311232,10 746.199753666167,267.960437091367,10 749.950717675468,267.767776657528,10 753.695354080447,267.566779563614,10 757.432640550616,267.360018308639,10 761.163417339488,267.149610036008,10 764.888739690634,266.936978402621,10 768.610332868294,266.722318262044,10 772.330046257001,266.504754535624,10 776.051195127154,266.282548019726,10 779.771593852611,266.054565834054,10 783.487145085041,265.822611620306,10 787.199807448684,265.586952119687,10 790.911741295505,265.347110176231,10 794.625430510036,265.101948043262,10 798.343567383709,264.849779493562,10 802.065984162513,264.588983180959,10 805.785995459328,264.319196852899,10 809.505283162764,264.039506740667,10 813.225763548149,263.749284616908,10 816.949170817174,263.448563376393,10 820.679312500921,263.1383137471,10 824.412701884001,262.819528003611,10 828.149564351835,262.491996404528,10 829.86704966035,262.337974576331,10)"
        color="rgba(0,0,0,1)"/>
      <vertex
        id="6"
        position="415.292 268.897"
        color="rgba(0,0,0,1)"/>
      <edge
        id="13"
        startvertex="11"
        endvertex="7"
        curve="xywdense(5 829.86704966035,262.337974576331,10 832.518688963932,262.097849816507,10 835.638598098259,261.814052992471,10 839.384756744214,261.464676478771,10 843.130989129182,261.107684239302,10 846.878041577444,260.742934172046,10 850.626692642937,260.370601690631,10 854.377763035405,259.991065048001,10 858.131971173841,259.604816530637,10 861.888098731307,259.212618671726,10 865.640862795109,258.816041361988,10 869.390852497117,258.41621076465,10 873.138547132319,258.014213608955,10 876.884264816851,257.611040949638,10 880.628164382755,257.207524243309,10 884.370226714916,256.804263916434,10 888.109624382388,256.401521538676,10 891.844899225329,256.000831935881,10 895.577052152246,255.604705340237,10 899.306986856536,255.215033742046,10 903.035436354986,254.833196652396,10 906.762996066593,254.460179987567,10 910.490032596029,254.096667514699,10 914.217280041359,253.743037907426,10 917.940189654486,253.400529931554,10 921.658089074873,253.068008339087,10 925.371923560267,252.744152583188,10 929.079334073782,252.428243142594,10 932.785374003239,252.118881108683,10 936.494442104881,251.816052991463,10 940.209790352106,251.520646468783,10 943.933841969097,251.233925518239,10 947.660635096154,250.957171156253,10 951.389940094956,250.69436403858,10 955.129138128665,250.448282302444,10 958.881973041505,250.219535025925,10 962.649864113401,250.00783265916,10 966.433032838617,249.812782160609,10 970.231013572796,249.634332007263,10 974.039655272393,249.474591244771,10 977.82044732024,249.328973033184,10 981.572850187199,249.181337321943,10 985.306315616668,249.066624438228,10 989.082097939344,248.992330376175,10 992.918642010881,248.976136606222,10 996.828302010626,248.90317427289,10 1000.67047293231,248.82349020737,10 1004.36339140018,248.752181628929,10 1007.83107889544,248.792325588735,10 1010.64801821386,249.114499079972,10 1011.42861337388,251.054576326401,10)"
        color="rgba(0,0,0,1)"/>
      <edge
        id="22"
        startvertex="21"
        endvertex="7"
        curve="xywdense(5 849.80013330055,344.46324338177,10 853.207997201356,342.526699197448,10 856.5067552079,340.475740011689,10 859.770532320337,338.365691103282,10 863.004197156327,336.161422108385,10 866.223929830078,333.911447865228,10 869.457312510635,331.661532322846,10 872.708153506205,329.428272012768,10 875.965761295826,327.230619731026,10 879.228351326646,325.059474964728,10 882.483034771434,322.889871745898,10 885.702737727617,320.704491324466,10 888.893419229057,318.494833845773,10 892.032191136874,316.296876364738,10 895.177025299802,314.09415558412,10 898.364917180995,311.872427678858,10 901.545720415409,309.688303894537,10 904.732414140118,307.540368201937,10 907.914396878027,305.435979147847,10 911.108885918383,303.382002474748,10 914.27269917957,301.403088013787,10 917.436701552777,299.477985224688,10 920.590953988668,297.606760500293,10 923.7676453095,295.751758344825,10 926.976287918272,293.904025899986,10 930.295655613016,292.020914209533,10 933.659615985073,290.140983139726,10 937.032257908573,288.27976620159,10 940.410216579161,286.430900460727,10 943.778916344237,284.586379839387,10 947.124702221363,282.745312525188,10 950.431910316493,280.91987422854,10 953.705222315511,279.112899125462,10 956.959477723324,277.31776363008,10 960.223205836654,275.522499320605,10 963.520514857542,273.722589524831,10 966.826289935013,271.944473404566,10 970.188078667854,270.175949290855,10 973.566397128622,268.445677904559,10 976.987911865475,266.739049409773,10 980.408609720552,265.092775194032,10 983.829151492555,263.527392716334,10 987.249417268633,262.035829319535,10 990.66057957093,260.569641619045,10 994.112848856265,259.065923360006,10 997.583605336396,257.51855986437,10 1001.10099369224,255.915173598687,10 1004.6178733745,254.313462996181,10 1008.2192249322,252.702445097732,10 1011.42861337388,251.054576326401,10)"
        color="rgba(0,0,0,1)"/>
      <vertex
        id="7"
        position="1011.43 251.055"
        color="rgba(0,0,0,1)"/>
      <edge
        id="15"
        startvertex="9"
        endvertex="14"
        curve="xywdense(5 628.348124888384,480.902869417702,10 630.939707176384,478.072024977433,10 633.575394785967,475.287289441754,10 636.199215919226,472.563879203662,10 638.892227624393,469.931164197978,10 641.63637962113,467.36144334158,10 644.407624647011,464.843914693429,10 647.19906819471,462.365303781235,10 650.015374859023,459.921782394869,10 652.861687291499,457.511740303877,10 655.737571348257,455.135845249103,10 658.638994765744,452.797756759619,10 661.56392866007,450.49866995124,10 664.511670950656,448.236548084752,10 667.482061175049,446.008092635801,10 670.473855961536,443.811438791217,10 673.484348577537,441.646277806153,10 676.513975510417,439.510873662479,10 679.562882915521,437.402716896959,10 682.630720164542,435.318969785872,10 685.716478580544,433.257600180545,10 688.822021804826,431.213883468582,10 691.949500375888,429.181729090587,10 695.100470857596,427.155525821547,10 698.275275625297,425.133930878588,10 701.454726953365,423.127283449777,10 704.637645023793,421.137351534871,10 707.824887812059,419.168922765322,10 711.017209479145,417.221757461386,10 714.214001258442,415.291580268203,10 717.414131645095,413.375928201576,10 720.61631126702,411.472368845061,10 723.819728323668,409.578875842135,10 727.025195910708,407.696283307253,10 730.234900240302,405.824941103645,10 733.451067913385,403.965945839356,10 736.675510684576,402.121000531279,10 739.900649594992,400.297430309367,10 743.128198358434,398.497764521992,10 746.360083741581,396.724786166202,10 749.598520817094,394.981339521208,10 752.845730216124,393.269771834593,10 756.10408596488,391.590920475427,10 759.373972362254,389.944692002745,10 762.658543337781,388.328869226563,10 765.957783884043,386.74227006004,10 769.266137474031,385.189009540501,10 772.586435535776,383.668945752231,10 775.921598438358,382.181362987639,10 779.273754712065,380.725278994088,10 782.648713439631,379.297431759858,10 786.037389494423,377.901894531066,10 789.439689802286,376.53946024216,10 792.857769443699,375.209417973719,10 796.293183482814,373.911008233055,10 799.751191119983,372.642300380663,10 803.22220116247,371.405604059299,10 806.704143820778,370.199536879609,10 810.197729193112,369.021395265734,10 813.703931839993,367.868409735931,10 817.223436974522,366.738213452023,10 820.757820610114,365.628845063477,10 824.295599590977,364.542960106528,10 827.836165220157,363.479903124189,10 831.379415185176,362.438817823701,10 834.578164065853,361.51891519491,10)"
        color="rgba(0,0,0,1)"/>
      <vertex
        id="9"
        position="628.348 480.903"
        color="rgba(0,0,0,1)"/>
      <edge
        id="17"
        startvertex="11"
        endvertex="14"
        curve="xywdense(5 829.86704966035,262.337974576331,10 829.888308359967,266.47608347196,10 829.92556200428,270.663815850247,10 829.950446689141,274.944376187743,10 829.931034651819,279.284908503324,10 829.912916142095,283.657067536565,10 829.94095831629,288.025552542068,10 830.05024593037,292.405517312047,10 830.259374815105,296.75027139532,10 830.536045578327,301.000429009441,10 830.801744467999,305.148839274333,10 831.043420319529,309.257616717932,10 831.207895145274,313.265710424677,10 831.262805383994,317.164748402478,10 831.249590411497,320.958873532049,10 831.236358984089,324.839823012035,10 831.251828184572,328.914764867862,10 831.288667473451,333.231916425578,10 831.311141626354,337.602867543901,10 831.278749592242,341.784689076529,10 831.327040400897,345.795499229167,10 831.673806754805,349.821973467487,10 832.110368881967,353.682885738005,10 832.502122726919,357.7999570574,10 834.578164065853,361.51891519491,10)"
        color="rgba(0,0,0,1)"/>
      <vertex
        id="11"
        position="829.867 262.338"
        color="rgba(0,0,0,1)"/>
      <vertex
        id="14"
        position="834.578 361.519"
        color="rgba(0,0,0,1)"/>
      <edge
        id="20"
        startvertex="18"
        endvertex="19"
        curve="xywdense(5 1041.86514533575,241.608756062375,10 1041.75859405995,245.372223833538,10 1041.75395214691,249.136036485542,10 1041.80959842141,252.903373242224,10 1041.93453092198,256.68357053955,10 1042.13762604607,260.481868377808,10 1042.40755505129,264.290869445894,10 1042.74035834993,268.110601914662,10 1043.12333705763,271.944125429024,10 1043.53762220314,275.796908374499,10 1043.95717595745,279.678216413606,10 1044.3601897536,283.575259744962,10 1044.72735010314,287.472074682553,10 1045.06265304997,291.371794777643,10 1045.37860027566,295.246916967276,10 1045.71015538437,299.107986409852,10 1046.12544172877,302.942856625465,10 1046.62019509046,306.589631627152,10 1047.23898167521,310.11260987473,10 1048.12975502632,313.706755279849,10 1049.26873644943,317.483394133445,10 1050.36989860581,320.844808824324,10 1052.36050118466,323.472531683934,10)"
        color="rgba(0,0,0,1)"/>
      <vertex
        id="18"
        position="1041.87 241.609"
        color="rgba(0,0,0,1)"/>
      <vertex
        id="19"
        position="1052.36 323.473"
        color="rgba(0,0,0,1)"/>
      <vertex
        id="21"
        position="849.8 344.463"
        color="rgba(0,0,0,1)"/>
    </objects>
  </layer>
</vec>
