<?xml version="1.0" encoding="UTF-8"?>
<!-- Created with VPaint (http://www.vpaint.org) -->

<vec
  version="1.7">
  <playback
    framerange="0 47"
    fps="24"
    subframeinbetweening="off"
    playmode="normal"/>
  <canvas
    position="0 0"
    size="1280 720"/>
  <layer
    name="Layer 1"
    visible="true">
    <background
      color="rgba(255,255,255,1)"
      image=""
      position="0 0"
      size="cover"
      repeat="norepeat"
      opacity="1"
      hold="yes"/>
    <objects>
      <edge
        id="2"
        startvertex="0"
        endvertex="1"
        curve="xywdense(5 492,173.5,4 488.467679240283,174.758428149802,4 485.060672932107,176.35128669747,4 481.816080778192,178.279370781011,4 478.759952218749,180.494384139713,4 475.96674002961,182.98239412548,4 473.483365577447,185.783339074704,4 471.287566851028,188.826104799295,4 469.367572968339,192.045777321536,4 467.688876664861,195.403501485811,4 466.222904882777,198.854837268758,4 464.951906661522,202.382626944828,4 463.861103835908,205.969444128517,4 462.936186561224,209.597439148041,4 462.165645850321,213.260085652161,4 461.545211283349,216.951182524377,4 461.074720248931,220.664410761345,4 460.757455323548,224.38964402245,4 460.588317548262,228.120735138624,4 460.569236965834,231.854332409639,4 460.709927779169,235.584575091157,4 461.018289514318,239.303444818677,4 461.504442572979,243.005761495866,4 462.186824669997,246.682306489398,4 463.083556542239,250.318862596494,4 464.211633242347,253.901941872463,4 465.591345368368,257.413027763884,4 467.24049448862,260.828692187437,4 469.161096902352,264.120597276492,4 471.34872060497,267.261870358298,4 473.790014816869,270.208561257252,4 476.477746051327,272.935344821102,4 479.388927130721,275.429438969896,4 482.489743344543,277.685174185451,4 485.742586871245,279.698179034339,4 489.119409635469,281.484052016681,4 492.588565240799,283.055057797053,4 496.128432510709,284.412521128296,4 499.732372625828,285.582876037758,4 503.370083962914,286.580317585506,4 507.023015499685,287.395467145094,4 510.691877801721,288.060789115264,4 514.364685296121,288.590029128439,4 518.032098352499,288.965922956808,4 521.68125575823,289.132934418497,4 525.284213214047,288.993575239897,4 528.782535705271,288.370398657105,4 532.000784741227,286.978192113359,4 534.630309070385,284.475370536577,4 536,281.5,4)"
        color="rgba(0,0,0,1)"/>
      <vertex
        id="0"
        position="492 173.5"
        color="rgba(0,0,0,1)"/>
      <vertex
        id="1"
        position="536 281.5"
        color="rgba(0,0,0,1)"/>
      <edge
        id="13"
        startvertex="3"
        endvertex="12"
        curve="xywdense(5 500,169.5,4 502.996654489757,167.350463566798,4 506.168456080324,165.572076686104,4 509.642988128452,164.161562541473,4 513.236346709112,163.043270959769,4 516.876239647438,162.183168597582,4 520.562506790555,161.545331788888,4 524.28019109738,161.135620981242,4 528.007151806883,160.950532544099,4 531.737682803975,160.977681667454,4 535.461187687894,161.224938431141,4 539.159676239836,161.699997022902,4 543.616,162.613,4)"
        color="rgba(0,0,0,1)"/>
      <vertex
        id="3"
        position="500 169.5"
        color="rgba(0,0,0,1)"/>
      <edge
        id="14"
        startvertex="12"
        endvertex="4"
        curve="xywdense(5 543.616,162.613,4 546.430666754623,163.348878100692,4 549.967249233878,164.534792698006,4 553.40921306083,165.965750887679,4 556.735497784769,167.645825871711,4 559.924172772143,169.574591697781,4 562.953181985051,171.745620759866,4 565.80109904705,174.146018615071,4 568.449771437464,176.762727793853,4 570.883538561244,179.579821419467,4 573.091388926882,182.581733654105,4 575.066734861231,185.748938243546,4 576.807753618616,189.059785144875,4 578.314520010266,192.492108046821,4 579.588215896273,196.025133250393,4 580.634678541826,199.643803418602,4 581.461388106593,203.334730071796,4 582.074486537217,207.086490048914,4 582.476250406883,210.884745010508,4 582.673335786451,214.6970570737,4 582.6782313296,218.513666669734,4 582.505882034719,222.321469932261,4 582.170366398031,226.102049726118,4 581.682232921366,229.848869749857,4 581.050327066387,233.552407666222,4 580.28023851671,237.207907110421,4 579.358547990767,240.821172206335,4 578.278882460353,244.370282406022,4 577.044591966215,247.863108807363,4 575.64311878811,251.282559186036,4 574.064252450797,254.625227858135,4 572.283983852803,257.878868527546,4 570.270555805033,261.03418041925,4 568.040319111071,264.057056081491,4 565.630746601581,266.946928249223,4 563.088302197613,269.701748004759,4 560.442711930986,272.334481384034,4 557.737051725536,274.84719956047,4 554.986455482833,277.244609386295,4 552.251744828602,279.466855799096,4 549.610923213245,281.349621696174,4 547.047776883463,282.471837230198,4 545,282.5,4)"
        color="rgba(0,0,0,1)"/>
      <vertex
        id="4"
        position="545 282.5"
        color="rgba(0,0,0,1)"/>
      <edge
        id="8"
        startvertex="6"
        endvertex="7"
        curve="xywdense(5 488,172.5,4 484.862739895572,173.637558574157,4 481.380128850386,175.181945610948,4 477.728921449662,176.772833893127,4 474.030121331648,178.329467780879,4 470.305750067385,179.828843135984,4 466.562953081757,181.253748133911,4 462.805672891249,182.585695669855,4 459.037811282587,183.797993355665,4 455.266502733352,184.844872503899,4 451.509097557794,185.653495642231,4 447.81180299233,186.088736241043,4 444.332762016913,185.824584880565,4 441.92653182596,183.780754795344,4 442.704501050085,179.298295768077,4 445.538489347703,175.263128101002,4 448.805154638671,171.951390029591,4 452.214253683529,169.058105202752,4 455.67178913089,166.507830526153,4 459.162110082931,164.256643127402,4 462.689597252448,162.294522776868,4 466.267723153536,160.618884170259,4 469.91667166806,159.243848562576,4 473.640892539744,158.197684286794,4 477.438353297806,157.521935945327,4 481.301804855413,157.279135150152,4 485.171653089625,157.544690848388,4 488.961272179973,158.409351876298,4 492.463464208337,159.929341635809,4 494.858509361237,161.513910253322,4 496,162.5,4)"
        color="rgba(0,0,0,1)"/>
      <vertex
        id="6"
        position="488 172.5"
        color="rgba(0,0,0,1)"/>
      <vertex
        id="7"
        position="496 162.5"
        color="rgba(0,0,0,1)"/>
      <edge
        id="11"
        startvertex="9"
        endvertex="10"
        curve="xywdense(5 474,156.5,4 470.497088340207,155.263940290583,4 467.717735061888,152.703116967117,4 466.147857290585,149.091885304715,4 465.748634868951,145.137299293843,4 466.199029218505,141.277690207847,4 467.231485654778,137.640963948026,4 468.720843434317,134.28274447827,4 470.612515909735,131.250577140575,4 472.883262073905,128.592289584501,4 475.560879300969,126.325602367613,4 478.647483177609,124.567030888758,4 482.116826596696,123.458123665822,4 485.833292713556,123.15130662869,4 489.668717713188,123.719528106518,4 493.349001955194,125.11949113056,4 496.716445731279,127.207778113347,4 499.705277932181,129.815092582625,4 502.307195914686,132.78113836114,4 504.530879967708,136.009322601681,4 506.405204907719,139.439037332141,4 507.910631939197,143.0329773952,4 509.012412025734,146.732305341182,4 509.650051256431,150.496230820992,4 509.718956511918,154.172033489308,4 509,157.5,4)"
        color="rgba(0,0,0,1)"/>
      <vertex
        id="9"
        position="474 156.5"
        color="rgba(0,0,0,1)"/>
      <vertex
        id="10"
        position="509 157.5"
        color="rgba(0,0,0,1)"/>
      <edge
        id="16"
        startvertex="15"
        endvertex="12"
        curve="xywdense(5 513,140.5,4 516.360962964936,138.250224012221,4 519.413369596214,136.622246880873,4 522.696695902905,135.20527347518,4 526.035508656043,134.013211850754,4 529.45070732779,133.040995823357,4 532.91087315314,132.337239770268,4 536.375234812693,131.918219367604,4 539.832060485541,131.825040530276,4 543.238078866406,132.142422338597,4 546.520528540975,132.954133825187,4 549.567246308562,134.365186790282,4 552.190850916078,136.508228534715,4 554.085212829629,139.47333508897,4 554.913882624069,143.109778328851,4 554.6091410611,147.01300317817,4 553.380192503856,150.774117626432,4 551.47838260832,154.222926451814,4 549.160538347146,157.315549207101,4 546.634754273153,160.006169374303,4 543.616,162.613,4)"
        color="rgba(0,0,0,1)"/>
      <vertex
        id="12"
        position="543.616 162.613"
        color="rgba(0,0,0,1)"/>
      <vertex
        id="15"
        position="513 140.5"
        color="rgba(0,0,0,1)"/>
      <edge
        id="20"
        startvertex="18"
        endvertex="19"
        curve="xywdense(5 470,201.5,4 472.071845922517,205.11167867968,4 473.756353117583,207.534217786824,4 476.31187159557,209.640879210614,4 479.385086209935,211.25236097942,4 482.769038651249,212.36226920705,4 486.337212807361,212.911642631923,4 489.972394678201,212.884763839569,4 493.54417787605,212.233814918525,4 496.96500354985,210.969099767718,4 500.051025245362,209.227226429126,4 502.721181969914,206.966254265281,4 504.914119633088,204.308530873786,4 506.486291495073,201.226821882614,4 507.281521623015,198.292783570233,4 508.222734774175,195.313381953798,4 510.802106720529,198.43209996959,4 513.914067174865,201.056132573468,4 517.007649335611,202.267478324476,4 520.604661411145,202.987775596205,4 524.169152761895,202.922347235437,4 527.470075512685,201.768612401957,4 530.105763649675,199.294322365164,4 531.839246677332,196.079916192593,4 532.975892858068,193.151171943511,4 535.480528662698,192.958656034912,4 538.229737570163,193.486692965688,4 541.32296857358,196.322371431614,4 544.124692284965,198.176320819485,4 547.296115556514,199.216661398839,4 550.524992390134,199.224189001289,4 553.754901469075,197.954045222634,4 556.601648607947,195.362882752891,4 558.70725168479,191.953047200243,4 560.199436950497,188.386260195224,4 560.923810923866,184.972536224619,4 560,182.5,4)"
        color="rgba(0,0,0,1)"/>
      <vertex
        id="18"
        position="470 201.5"
        color="rgba(0,0,0,1)"/>
      <vertex
        id="19"
        position="560 182.5"
        color="rgba(0,0,0,1)"/>
      <edge
        id="23"
        startvertex="21"
        endvertex="22"
        curve="xywdense(5 467,232.5,4 469.046547039048,236.818091587284,4 471.976357475122,238.559548574613,4 475.136611334586,239.728196537045,4 478.489690860727,240.472390555734,4 481.996981070383,240.829288040891,4 485.635515645717,240.753214679607,4 489.27145128819,240.209009302553,4 492.920501190027,239.251810910235,4 496.505754463811,237.845202021279,4 499.773683366325,236.122270260462,4 502.572133067346,234.335535291941,4 504.468131981988,231.960942394646,4 505.463597143572,228.88034921915,4 509.497737567901,230.126195232555,4 512.153613786806,232.339130517854,4 515.636722353118,233.369668127592,4 519.367190684792,233.637411476538,4 522.98112943088,233.306175698124,4 526.150473435937,232.097183187735,4 528.507814763625,230.188348735215,4 530.956670794234,228.172085745001,4 533.904542548961,229.206495755484,4 536.980353460667,230.601178581539,4 540.452722747106,231.467098115901,4 543.933971766075,231.31598057445,4 547.195197631439,230.262267604121,4 549.724856742417,228.160743328739,4 551.358040004088,225.842671098112,4 554.690209005217,226.21188843436,4 558.170949285857,226.930707893022,4 560.992702783616,227.409452641697,4 563.869842372546,227.007377870131,4 566.986597485021,225.66529872856,4 569.790013355149,223.354190558975,4 571.606894329206,220.113902519993,4 572,216.5,4)"
        color="rgba(0,0,0,1)"/>
      <vertex
        id="21"
        position="467 232.5"
        color="rgba(0,0,0,1)"/>
      <vertex
        id="22"
        position="572 216.5"
        color="rgba(0,0,0,1)"/>
      <edge
        id="26"
        startvertex="24"
        endvertex="25"
        curve="xywdense(5 478,268.5,4 480.647650929724,269.753726087019,4 483.615614624081,271.076717473016,4 486.178116741139,271.630839864845,4 489.055478267,272.147409355696,4 492.409511319868,272.568653834039,4 495.98453473487,272.66444790082,4 499.512399927487,272.269668577515,4 503.000817359016,271.365908810424,4 506.175526826065,269.987543540262,4 508.806224318157,267.881300249823,4 510.631869139177,265.094906672105,4 511.553186782526,262.309200583484,4 514.604171788454,262.066819413173,4 517.92887379041,262.277348043534,4 521.03992740198,263.114920360283,4 524.066806082183,263.412928044689,4 527.77148120705,263.578369713503,4 531.513361979031,263.622911667997,4 535.146149154392,263.454322129971,4 538.905650507097,262.719450069594,4 542.709056334004,261.0183757907,4 545.451715259668,258.589475915113,4 546.687442248771,255.982069899513,4 550.746871217725,256.753374354711,4 554.280900920941,258.455863500017,4 557.316246767107,258.427615521347,4 560.543387122962,257.71284352577,4 563.641196440518,256.077703782647,4 566.530471607819,253.564010531775,4 568.937933094072,250.580343983438,4 571.09992782912,247.690966954198,4 573,244.5,4)"
        color="rgba(0,0,0,1)"/>
      <vertex
        id="24"
        position="478 268.5"
        color="rgba(0,0,0,1)"/>
      <vertex
        id="25"
        position="573 244.5"
        color="rgba(0,0,0,1)"/>
    </objects>
  </layer>
</vec>
