<?xml version="1.0" encoding="UTF-8"?>
<!-- Created with VPaint (http://www.vpaint.org) -->

<vec
  version="1.7">
  <playback
    framerange="0 47"
    fps="24"
    subframeinbetweening="off"
    playmode="normal"/>
  <canvas
    position="0 0"
    size="1280 720"/>
  <layer
    name="Layer 1"
    visible="true">
    <background
      color="rgba(255,255,255,1)"
      image=""
      position="0 0"
      size="cover"
      repeat="norepeat"
      opacity="1"
      hold="yes"/>
    <objects>
      <edge
        id="2"
        startvertex="0"
        endvertex="1"
        curve="xywdense(5 184.162,527.7796,2.99998244 184.091038912715,524.184756845576,2.99998244 184.0238422075,519.41026186375,2.99998244 184.012982251504,514.920338562783,2.99998244 184.053957264062,509.973047244531,2.99998244 184.094928481881,507.190828498528,2.99998244 184.152966867227,504.240103812051,2.99998244 184.230853885864,501.157398098206,2.99998244 184.33047922,497.94476497,2.99998244 184.45395549773,494.612875865466,2.99998244 184.603395347148,491.172402222637,2.99998244 184.780911396353,487.634015479543,2.99998244 184.988616273438,484.008387074219,2.99998244 185.228622606499,480.306188444695,2.99998244 185.503043023633,476.538091029004,2.99998244 185.813990152935,472.714766265178,2.99998244 186.1635766225,468.84688559125,2.99998244 186.553915060425,464.945120445251,2.99998244 186.987118094805,461.020142265215,2.99998244 187.457157800827,457.115300440375,2.99998244 187.990568465312,453.143232555156,2.99998244 188.638306033807,448.918542340372,2.99998244 189.321077605322,444.778680746084,2.99998244 189.996628130719,440.896479765512,2.99998244 190.6048,437.5804,2.99998244 191.396279891084,433.744817911416,2.99998244 192.057497880156,431.206915467813,2.99998244 192.823767327637,428.49069705168,2.99998244 193.62963419875,426.0255200725,2.99998244 195.399111467969,421.660367035938,2.99998244 197.4438322,417.73560958,2.99998244 199.841698907031,413.875400926563,2.99998244 201.19740653623,411.852050282617,2.99998244 202.67061410125,409.7038942975,2.99998244 204.271059416113,407.383952123945,2.99998244 206.008480294844,404.845242914688,2.99998244 207.977890918511,401.890528930786,2.99998244 209.9332,398.9236,2.99998244 211.624205795083,396.322576808276,2.99998244 213.158253856172,393.967229042109,2.99998244 215.827311689375,390.010989531875,2.99998244 218.179499531641,386.764318739453,2.99998244 220.453943415,383.936653935,2.99998244 222.889769371484,381.237432388672,2.99998244 225.726103433125,378.376091370625,2.99998244 229.202071631953,375.062068151016,2.99998244 231.253465391318,373.147106318052,2.99998244 233.5568,371.0048,2.99998244 236.296566357275,368.444874406011,2.99998244 239.048294993359,365.872020899688,2.99998244 241.379392784932,363.685872947774,2.99998244 243.498721591875,361.71132945,2.99998244 245.454779528272,359.916972947852,2.99998244 247.296064708203,358.271385982812,2.99998244 250.828309255,355.30085083,2.99998244 254.483440144922,352.548384323438,2.99998244 256.47833325376,351.175383166211,2.99998244 258.649442290625,349.762646795,2.99998244 261.0452653696,348.278757751289,2.99998244 263.714300604766,346.692298576563,2.99998244 266.826423470713,344.90924560209,2.99998244 270.066,343.086,2.99998244 273.1900641721,341.337254306348,2.99998244 276.150487620859,339.694110760625,2.99998244 278.778239021104,338.240762728125,2.99998244 281.193061229375,336.9326293675,2.99998244 285.574115314453,334.702457503125,2.99998244 289.674044365,332.90449685,2.99998244 293.873242869922,331.439649090625,2.99998244 298.552105318125,330.2088159075,2.99998244 301.19028379874,329.650186557813,2.99998244 304.091026198516,329.112898983125,2.99998244 306.884759735659,328.650042369268,2.99998244 310.8704,328.0528,2.99998244 314.217478816258,327.564454943427,2.99998244 318.052821721528,327.009768721826,2.99998244 322.041238354296,326.43839612732,2.99998244 325.944574697969,325.881797032344,2.99998244 329.31668368638,325.399800847763,2.99998244 332.446354106738,324.95695375041,2.99998244 335.484574273743,324.535667523499,2.99998244 338.39859853875,324.14217475875,2.99998244 341.201614743953,323.776752845759,2.99998244 343.906810731543,323.439679174121,2.99998244 346.527374343713,323.13123113343,2.99998244 349.076493422656,322.851686113281,2.99998244 354.013149349629,322.380414692988,2.99998244 358.82228125,322.02808403,2.99998244 363.609391861309,321.796913241074,2.99998244 368.479983921094,321.689121442969,2.99998244 370.979555099646,321.68218613946,2.99998244 373.539560166895,321.706927752441,2.99998244 376.173186965032,321.763623671506,2.99998244 378.89362333625,321.85255128625,2.99998244 381.714057122742,321.973987986267,2.99998244 384.647676166699,322.128211161152,2.99998244 387.665709221401,322.311648286039,2.99998244 390.907221395781,322.536126493906,2.99998244 394.637155065513,322.825022661114,2.99998244 398.449107183652,323.140115032646,2.99998244 402.126620079216,323.461055311507,2.99998244 405.3648,323.7576,2.99998244 409.392021989629,324.166423815791,2.99998244 412.368854287344,324.549146636563,2.99998244 415.49970788502,325.022641892461,2.99998244 418.42331535625,325.5618121825,2.99998244 421.169828879199,326.177052813477,2.99998244 423.769400632031,326.878759092187,2.99998244 426.25218279291,327.67732632543,2.99998244 428.64832754,328.58314982,2.99998244 430.987987051465,329.606624882695,2.99998244 433.301313505469,330.758146820312,2.99998244 435.618459080176,332.048110939648,2.99998244 437.96957595375,333.4869125475,2.99998244 440.384816304356,335.084946950664,2.99998244 442.894332310156,336.852609455938,2.99998244 445.524216393599,338.79148661855,2.99998244 448.3168,340.9384,2.99998244 451.45353231187,343.426004115356,2.99998244 454.543152540078,345.968386659141,2.99998244 457.193878751201,348.274803304521,2.99998244 459.588723560625,350.492404630625,2.99998244 461.767000946533,352.658867490088,2.99998244 463.768024887109,354.811868735547,2.99998244 465.631109360537,356.989085219639,2.99998244 467.395568345,359.228193795,2.99998244 469.100715818682,361.566871314268,2.99998244 470.785865759766,364.042794630078,2.99998244 472.490332146436,366.693640595068,2.99998244 474.253428956875,369.557086061875,2.99998244 476.114470169268,372.670807883135,2.99998244 478.112769761797,376.072482911484,2.99998244 480.162218700532,379.586207763906,2.99998244 482.6784,383.8904,2.99998244 484.434540622754,386.867834920776,2.99998244 486.364540928374,390.131944712813,2.99998244 488.34162378062,393.473311685126,2.99998244 490.271599690781,396.729535918984,2.99998244 491.981453089358,399.602968882564,2.99998244 493.580885082481,402.28993872415,2.99998244 495.126587399597,404.894152964508,2.99998244 496.60457260125,407.395824954375,2.99998244 498.018523040208,409.806041586996,2.99998244 499.372121069238,412.135889755615,2.99998244 500.669049041111,414.396456353478,2.99998244 501.912989308594,416.598828273828,2.99998244 504.256636141465,420.873335654971,2.99998244 506.43252039,425.048107045,2.99998244 508.470100876348,429.211837589873,2.99998244 510.398836422656,433.453222435547,2.99998244 512.248185851074,437.860956727979,2.99998244 514.04760798375,442.523735613125,2.99998244 514.937802196106,444.978484011078,2.99998244 515.826561642832,447.530254236943,2.99998244 516.705162203583,450.1525619434,2.99998244 517.614505650469,452.969207745391,2.99998244 518.632713174943,456.216705979557,2.99998244 519.639402398633,459.530431133482,2.99998244 520.569117235376,462.71853868345,2.99998244 521.3352,465.4992,2.99998244 522.051040171211,468.800853520737,2.99998244 522.269304492344,471.205035959688,2.99998244 522.264421323926,473.918890757461,2.99998244 522.00939204125,476.55525956,2.99998244 521.552574765918,479.125559461914,2.99998244 520.942327619531,481.641207557813,2.99998244 520.227008723691,484.113620942305,2.99998244 519.4549762,486.55421671,2.99998244 518.674588170059,488.974411955508,2.99998244 517.934202755469,491.385623773438,2.99998244 516.76687225875,496.226765505,2.99998244 516.339849682656,501.168978661563,2.99998244 516.53516666709,503.714516515264,2.99998244 517.04,506.3036,2.99998244 517.910721454941,508.92712478083,2.99998244 519.089108211719,511.594178204844,2.99998244 520.557490387988,514.328862101035,2.99998244 522.25058094375,517.07702868875,2.99998244 524.114997128418,519.804092589746,2.99998244 526.097356191406,522.475468425781,2.99998244 528.144275382129,525.056570818614,2.99998244 530.20237195,527.51281439,2.99998244 532.218263144434,529.809613761699,2.99998244 534.138566214844,531.912383555469,2.99998244 537.47887698125,535.39749289625,2.99998244 540.6636,538.5176,2.99998244)"
        color="rgba(0,0,0,1)"/>
      <vertex
        id="0"
        position="184.162 527.78"
        color="rgba(0,0,0,1)"/>
      <vertex
        id="1"
        position="540.664 538.518"
        color="rgba(0,0,0,1)"/>
      <edge
        id="5"
        startvertex="3"
        endvertex="4"
        curve="xywdense(5 175.5716,536.37,2.99998244 177.928041516406,538.618795163672,2.99998244 181.512377527344,541.460241939453,2.99998244 183.69079642625,542.867332261875,2.99998244 186.029932984531,544.080308067109,2.99998244 188.4572,544.9604,2.99998244 192.5631871596,546.121795156353,2.99998244 197.270658460625,547.43620025875,2.99998244 201.051796844375,548.533247189844,2.99998244 204.5097986075,549.54037176,2.99998244 207.715106707812,550.460558797656,2.99998244 210.738164103125,551.29679313125,2.99998244 213.64941375125,552.052059589219,2.99998244 216.51929861,552.729343,2.99998244 219.418261637188,553.331628192031,2.99998244 222.416745790625,553.86189999375,2.99998244 225.585194028125,554.323143233594,2.99998244 228.9940493075,554.71834274,2.99998244 232.713754586563,555.050483341406,2.99998244 236.814752823125,555.32254986625,2.99998244 239.149864518945,555.480665107358,2.99998244 241.575455163784,555.566654410361,2.99998244 246.4424,555.6984,2.99998244 250.885640360452,555.809368063065,2.99998244 253.470309013645,555.872590118952,2.99998244 256.230271795317,555.939278772623,2.99998244 259.097577951441,556.007711994871,2.99998244 262.075865183609,556.077979617955,2.99998244 265.157413345999,556.149886996035,2.99998244 268.308345226836,556.222565534204,2.99998244 271.493062928792,556.295094141127,2.99998244 274.70900836271,556.367435660257,2.99998244 277.943986690929,556.439301578893,2.99998244 281.191310261628,556.510524874157,2.99998244 284.456681764415,556.581250624232,2.99998244 287.690735337355,556.650254013229,2.99998244 290.866132621802,556.716854307995,2.99998244 293.9224937975,556.779564338516,2.99998244 296.7608908101,556.835949633622,2.99998244 299.469630003234,556.888171363636,2.99998244 302.099717117811,556.937475160927,2.99998244 304.664125907649,556.984173168184,2.99998244 307.194114735746,557.029026321213,2.99998244 309.685835515478,557.071933873038,2.99998244 314.574187032969,557.152370867959,2.99998244 319.450523715485,557.228412135859,2.99998244 324.24895442041,557.298390018158,2.99998244 328.938694454749,557.361498539056,2.99998244 333.535767725,557.418080633125,2.99998244 338.044495987791,557.468192007346,2.99998244 342.469200999746,557.511888368698,2.99998244 346.814204517493,557.54922542416,2.99998244 351.083828297656,557.580258880713,2.99998244 355.282394096863,557.605044445336,2.99998244 359.414223671738,557.623637825009,2.99998244 363.483638778909,557.636094726711,2.99998244 367.494961175,557.642470857422,2.99998244 371.452512616638,557.642821924122,2.99998244 375.360614860449,557.63720363379,2.99998244 379.223589663059,557.625671693407,2.99998244 383.045758781094,557.608281809951,2.99998244 386.831443971179,557.585089690403,2.99998244 390.584966989941,557.556151041742,2.99998244 394.310649594006,557.521521570948,2.99998244 398.01281354,557.481256985,2.99998244 401.695780584548,557.435412990878,2.99998244 405.363872484277,557.384045295563,2.99998244 409.021410995813,557.327209606033,2.99998244 412.672717875781,557.264961629268,2.99998244 416.322114880808,557.197357072248,2.99998244 419.97392376752,557.124451641952,2.99998244 423.632466292541,557.046301045361,2.99998244 427.3020642125,556.962960989453,2.99998244 430.987039284021,556.874487181209,2.99998244 434.69171326373,556.780935327609,2.99998244 438.420407908254,556.682361135631,2.99998244 442.177444974219,556.578820312256,2.99998244 445.967146218249,556.470368564463,2.99998244 449.793833396973,556.357061599232,2.99998244 453.661828267014,556.238955123543,2.99998244 457.575452585,556.116104844375,2.99998244 461.539028107556,555.988566468708,2.99998244 465.556876591309,555.856395703522,2.99998244 469.643810224603,555.719586860495,2.99998244 473.772679468906,555.57837983251,2.99998244 477.884863490522,555.433198698349,2.99998244 482.089588363279,555.283485211987,2.99998244 486.422647138962,555.1291108945,2.99998244 491.04571805,554.969210523359,2.99998244 493.601111609654,554.886422686016,2.99998244 496.256854941182,554.802120737125,2.99998244 498.959027095188,554.716805381906,2.99998244 501.682724027209,554.630107473601,2.99998244 504.382842644603,554.541251057672,2.99998244 507.066059142515,554.45195726268,2.99998244 509.726886709406,554.36279334803,2.99998244 512.356711272695,554.276444966655,2.99998244 514.957518135976,554.19781083741,2.99998244 517.492022359196,554.120819021934,2.99998244 522.252253368899,553.958445236073,2.99998244 526.486558721595,553.822868234914,2.99998244 529.9256,553.5508,2.99998244 533.459029501875,552.140870399375,2.99998244 536.944037335,549.195440355,2.99998244 539.604326500625,546.280090133125,2.99998244 540.6636,544.9604,2.99998244)"
        color="rgba(0,0,0,1)"/>
      <vertex
        id="3"
        position="175.572 536.37"
        color="rgba(0,0,0,1)"/>
      <vertex
        id="4"
        position="540.664 544.96"
        color="rgba(0,0,0,1)"/>
      <edge
        id="8"
        startvertex="6"
        endvertex="7"
        curve="xywdense(5 527.778,474.0896,2.99998244 531.08728381875,470.97096266,2.99998244 532.835100161572,469.257653519844,2.99998244 534.737922785156,467.3361362375,2.99998244 536.920501505566,465.076691578438,2.99998244 539.28725685,462.55183376,2.99998244 541.797691667871,459.783518636563,2.99998244 544.411308808594,456.7937020625,2.99998244 547.087611121582,453.604339892188,2.99998244 549.78610145625,450.23738798,2.99998244 552.466282662012,446.714802180312,2.99998244 555.087657588281,443.0585383475,2.99998244 557.296205700293,439.814019087451,2.99998244 558.508765709509,437.89550450618,2.99998244 559.992,435.4328,2.99998244 562.045859370374,431.902105076896,2.99998244 564.365942362207,427.834761340674,2.99998244 566.779950280884,423.532924618974,2.99998244 569.191525633594,419.160351748281,2.99998244 571.410178764624,415.04078584567,2.99998244 573.546007468066,410.996423897012,2.99998244 575.652749391174,406.943502787781,2.99998244 577.70899531875,402.92364593625,2.99998244 579.712122751209,398.947130127493,2.99998244 581.659509188965,395.024232146582,2.99998244 583.548532132434,391.165228778591,2.99998244 585.376569082031,387.380396808594,2.99998244 587.140997538172,383.680013021663,2.99998244 588.83919500127,380.074354202871,2.99998244 590.468538971741,376.573697137292,2.99998244 592.02640695,373.18831861,2.99998244 593.510176436463,369.928495406067,2.99998244 594.917224931543,366.804504310566,2.99998244 596.244929935657,363.826622108572,2.99998244 597.490668949219,361.005125585156,2.99998244 598.651819472644,358.350291525393,2.99998244 599.725759006348,355.872396714355,2.99998244 601.60151510625,351.48853197875,2.99998244 603.096957252246,347.935745658926,2.99998244 604.191105447656,345.296252035469,2.99998244 605.0916,343.086,2.99998244)"
        color="rgba(0,0,0,1)"/>
      <vertex
        id="6"
        position="527.778 474.09"
        color="rgba(0,0,0,1)"/>
      <vertex
        id="7"
        position="605.092 343.086"
        color="rgba(0,0,0,1)"/>
      <edge
        id="11"
        startvertex="9"
        endvertex="10"
        curve="xywdense(5 553.5492,540.6652,2.99998244 554.51457975625,537.785921069063,2.99998244 555.684799446094,534.352950380898,2.99998244 557.28092345,529.7387615225,2.99998244 558.231094360254,527.02332027436,2.99998244 559.278615097656,524.054106477539,2.99998244 560.420443578418,520.844964129995,2.99998244 561.65353771875,517.409737229688,2.99998244 562.974855434863,513.762269774575,2.99998244 564.381354642969,509.916405762617,2.99998244 565.869993259277,505.885989191772,2.99998244 567.4377292,501.68486406,2.99998244 569.081520381348,497.326874365259,2.99998244 570.798324719531,492.825864105508,2.99998244 572.585100130762,488.195677278706,2.99998244 573.503776337585,485.836468902023,2.99998244 574.43880453125,483.450157882813,2.99998244 575.389804451282,481.038474720818,2.99998244 576.356395837207,478.603149915786,2.99998244 577.338198428552,476.14591396746,2.99998244 578.334831964844,473.668497375586,2.99998244 579.345916185608,471.172630639908,2.99998244 580.371070830371,468.660044260171,2.99998244 581.40991563866,466.13246873612,2.99998244 582.46207035,463.5916345675,2.99998244 583.527154703918,461.039272254056,2.99998244 584.604788439941,458.477112295532,2.99998244 585.696434820193,455.903173052204,2.99998244 586.796183016406,453.330321442227,2.99998244 587.892591632521,450.782560802167,2.99998244 589.003715634041,448.224500237067,2.99998244 590.134705328286,445.646733828261,2.99998244 591.31283329375,442.995309983437,2.99998244 592.589337902697,440.168019297173,2.99998244 593.897472081133,437.300229290145,2.99998244 595.193720464391,434.482686778478,2.99998244 596.459626296753,431.7470444704,2.99998244 597.666030417642,429.14002872474,2.99998244 598.801524676958,426.707165405821,2.99998244 600.7964,422.5472,2.99998244 603.167008545703,418.338243757031,2.99998244 605.591658593125,415.17437510875,2.99998244 608.088171027734,412.712479721094,2.99998244 610.674366735,410.60944326,2.99998244 613.368066600391,408.522151391406,2.99998244 616.187091509375,406.10748978125,2.99998244 619.149262347422,403.022344095469,2.99998244 620.718588487373,401.074994399185,2.99998244 622.2724,398.9236,2.99998244 623.764579587158,396.57514652269,2.99998244 625.110453819453,394.206096691016,2.99998244 627.063148633125,389.942581760625,2.99998244 628.436177683984,386.043090063672,2.99998244 629.535234215,382.417656455,2.99998244 630.666011469141,378.976315789453,2.99998244 632.134202689375,375.629102921875,2.99998244 634.245501118672,372.286052707109,2.99998244 637.3056,368.8572,2.99998244 639.876517782583,366.520996703638,2.99998244 642.699968525,364.174749130313,2.99998244 645.269814368906,362.297108951836,2.99998244 647.780331085,360.6655422075,2.99998244 650.250691036719,359.232811344727,2.99998244 652.7000665875,357.951678810937,2.99998244 655.147630100781,356.774907053555,2.99998244 657.61255394,355.65525852,2.99998244 660.114010468594,354.545495657695,2.99998244 662.67117205,353.398380914063,2.99998244 665.303211047656,352.166676736523,2.99998244 668.029299825,350.8031455725,2.99998244 670.868610745469,349.260549869414,2.99998244 673.8403161725,347.491652074688,2.99998244 677.198544298594,345.260680627793,2.99998244 680.2576,343.086,2.99998244 683.67523695,340.224833055,2.99998244 686.11759505,337.35947829,2.99998244 687.777555625,334.13598438,2.99998244 688.848,330.2004,2.99998244 689.639268958594,325.539983002969,2.99998244 690.16359962625,321.27041746125,2.99998244 690.441422725781,317.286801503906,2.99998244 690.49316898,313.48423326,2.99998244 690.339269111719,309.757810858594,2.99998244 690.00015384375,306.00263242875,2.99998244 689.496253898906,302.113796099531,2.99998244 688.848,297.9864,2.99998244 687.547089202734,295.279385853516,2.99998244 684.841917294375,292.979287378125,2.99998244 682.4052,291.5436,2.99998244 679.248713307266,289.817732013828,2.99998244 676.631380755625,288.371222325625,2.99998244 674.351051944922,287.157544355859,2.99998244 669.992803945703,285.242577253516,2.99998244 667.510583956875,284.448234961875,2.99998244 664.556766108359,283.700618070547,2.99998244 660.9292,282.9532,2.99998244 656.467379534092,282.120045265034,2.99998244 653.943266926563,281.658480257127,2.99998244 651.455851591328,281.210676788594,2.99998244 647.287609303779,280.487614368613,2.99998244 643.430625668125,279.85354878625,2.99998244 639.834128714893,279.301128076855,2.99998244 636.44734647461,278.823000275781,2.99998244 633.219506977803,278.411813418379,2.99998244 630.099838255,278.06021554,2.99998244 627.037568336729,277.760854675996,2.99998244 623.981925253516,277.506378861719,2.99998244 620.882137035889,277.28943613252,2.99998244 617.687431714375,277.10267452375,2.99998244 614.347037319502,276.938742070762,2.99998244 610.810181881797,276.790286808906,2.99998244 606.633965213594,276.578352664609,2.99998244 602.944,276.5104,2.99998244 599.956761804297,277.349864122656,2.99998244 597.369417634375,279.34907754625,2.99998244 595.638518727422,284.021654908828,2.99998244 594.828202821875,287.191746983125,2.99998244 594.128959781641,290.377971224609,2.99998244 593.599497105,293.642422635,2.99998244 593.298522290234,297.047196216016,2.99998244 593.284742835625,300.654386969375,2.99998244 593.616866239453,304.526089896797,2.99998244 594.3536,308.7244,2.99998244 595.20795234917,312.138318576694,2.99998244 596.283409451172,315.924847273906,2.99998244 597.480273065674,319.535184659746,2.99998244 598.788981234375,323.10403834125,2.99998244 600.177437928467,326.595238665723,2.99998244 601.613547119141,329.972615980469,2.99998244 603.065212777588,333.200000632793,2.99998244 604.500338875,336.24122297,2.99998244 605.886829382569,339.060113339395,2.99998244 607.192588271485,341.620502088281,2.99998244 609.433527078125,345.82109611375,2.99998244 611.5344,349.5288,2.99998244)"
        color="rgba(0,0,0,1)"/>
      <vertex
        id="9"
        position="553.549 540.665"
        color="rgba(0,0,0,1)"/>
      <vertex
        id="10"
        position="611.534 349.529"
        color="rgba(0,0,0,1)"/>
      <edge
        id="14"
        startvertex="12"
        endvertex="13"
        curve="xywdense(5 626.5676,304.4292,2.99998244 628.709482015,307.6506,2.99998244 630.185242266875,309.8653125,2.99998244 630.8628,306.4677421875,2.99998244 630.8628,304.4292,2.99998244)"
        color="rgba(0,0,0,1)"/>
      <vertex
        id="12"
        position="626.568 304.429"
        color="rgba(0,0,0,1)"/>
      <vertex
        id="13"
        position="630.863 304.429"
        color="rgba(0,0,0,1)"/>
      <edge
        id="17"
        startvertex="15"
        endvertex="16"
        curve="xywdense(5 658.7816,304.4292,2.99998244 658.7816,306.512372,2.99998244 658.7816,306.555324,2.99998244 658.7816,306.5768,2.99998244)"
        color="rgba(0,0,0,1)"/>
      <vertex
        id="15"
        position="658.782 304.429"
        color="rgba(0,0,0,1)"/>
      <vertex
        id="16"
        position="658.782 306.577"
        color="rgba(0,0,0,1)"/>
      <edge
        id="20"
        startvertex="18"
        endvertex="19"
        curve="xywdense(5 598.6488,280.8056,2.99998244 597.654642377534,278.373140915103,2.99998244 596.338596479375,275.187817318125,2.99998244 595.109397302114,272.280080458843,2.99998244 593.763490273828,269.164901221484,2.99998244 592.21212511669,265.641403058818,2.99998244 590.519623945,261.887579515,2.99998244 588.712040775029,257.986706611338,2.99998244 586.815429623047,254.022060369141,2.99998244 584.855844505322,250.076916809717,2.99998244 582.859339438125,246.234551954375,2.99998244 580.851968437725,242.578241824424,2.99998244 578.859785520391,239.191262441172,2.99998244 576.890815637095,236.018326867925,2.99998244 575.0252,233.5584,2.99998244 571.852480051875,232.219180129375,2.99998244 566.870682265,231.799971965,2.99998244 564.366390652734,231.754841744922,2.99998244 560.661044931953,231.632467973516,2.99998244 560.052981773125,227.53167736625,2.99998244 560.495350041797,224.268465439844,2.99998244 561.127677725,220.63011645,2.99998244 561.886495692578,216.997102903906,2.99998244 562.708334814375,213.74989730875,2.99998244 563.529725960234,211.268972171719,2.99998244 567.219345125,209.546302515625,2.99998244 569.761440789063,209.640249529297,2.99998244 572.62874685,209.896008975,2.99998244 575.527159554688,210.290842298828,2.99998244 578.16257515,210.802010946875,2.99998244 581.468,212.0824,2.99998244 582.594969878125,215.558307378125,2.99998244 582.971896748047,218.342895185547,2.99998244 583.245273225,221.376273225,2.99998244 583.430715548828,224.321717111328,2.99998244 583.543839959375,226.842502459375,2.99998244 583.6156,229.2632,2.99998244)"
        color="rgba(0,0,0,1)"/>
      <vertex
        id="18"
        position="598.649 280.806"
        color="rgba(0,0,0,1)"/>
      <vertex
        id="19"
        position="583.616 229.263"
        color="rgba(0,0,0,1)"/>
      <edge
        id="23"
        startvertex="21"
        endvertex="22"
        curve="xywdense(5 682.4052,289.396,2.99998244 681.842052720703,285.533075807031,2.99998244 681.604279425,282.93564337,2.99998244 681.466621201172,279.937730511719,2.99998244 681.504164353125,276.69198629125,2.99998244 681.791995184766,273.351059767656,2.99998244 682.4052,270.0676,2.99998244 683.32214353772,266.644896449487,2.99998244 684.455323288281,262.750941979453,2.99998244 685.600931041699,259.179747592217,2.99998244 686.79841780625,255.697474855625,2.99998244 688.026419785645,252.327247696143,2.99998244 689.263573183594,249.092190040234,2.99998244 690.488514203809,246.015425814365,2.99998244 691.67987905,243.120078945,2.99998244 692.816303925879,240.429273358603,2.99998244 693.876425035156,237.966132981641,2.99998244 695.68230076875,233.815343561875,2.99998244 696.926595880469,230.852702097422,2.99998244 694.259368960156,229.409616405078,2.99998244 690.459283039844,229.535213254297,2.99998244 687.397038655781,229.448751381641,2.99998244 686.168623619922,227.165275833594,2.99998244 686.059637114453,224.620814453906,2.99998244 686.350516950859,221.900484767969,2.99998244 687.256874199531,219.266337598906,2.99998244 688.475705989844,216.781713724219,2.99998244 689.978967266406,214.677275450781,2.99998244 691.938559986719,212.883964016094,2.99998244 695.119164395235,210.997795306953,2.99998244 699.102330698828,209.345751490234,2.99998244 702.974851979297,208.319655894141,2.99998244 706.553974187891,207.843181472422,2.99998244 709.34746614625,208.279990309375,2.99998244 711.425035091406,210.166075966797,2.99998244 712.287040625,214.551397987422,2.99998244 711.800475,217.510026124375,2.99998244 711.112571875,220.705905337891,2.99998244 710.324,223.886656555,2.99998244 709.535428125,226.799900702734,2.99998244 708.1764,231.4108,2.99998244)"
        color="rgba(0,0,0,1)"/>
      <vertex
        id="21"
        position="682.405 289.396"
        color="rgba(0,0,0,1)"/>
      <vertex
        id="22"
        position="708.176 231.411"
        color="rgba(0,0,0,1)"/>
      <edge
        id="26"
        startvertex="24"
        endvertex="25"
        curve="xywdense(5 551.4016,547.108,2.99998244 551.805291754375,550.606843075,2.99998244 552.158522039453,554.272343265625,2.99998244 552.478111345,558.5858482,2.99998244 552.663136732422,563.075322109375,2.99998244 552.612675263125,567.268729225,2.99998244 552.225803998516,570.694033778125,2.99998244 549.722331578203,574.659629609766,2.99998244 547.405470078125,576.450138678125,2.99998244 544.511157527734,578.183090388672,2.99998244 541.099535955,579.790847925,2.99998244 537.230747387891,581.205774470703,2.99998244 532.964933854375,582.360233209375,2.99998244 528.362237382422,583.186587324609,2.99998244 523.4828,583.6172,2.99998244 520.55701576646,583.763955286971,2.99998244 517.245369449334,583.896682173762,2.99998244 513.433149814941,584.050936152281,2.99998244 509.279035398229,584.215067647713,2.99998244 504.903474901468,584.390259346382,2.99998244 500.306446589006,584.573569956785,2.99998244 495.504453618843,584.762924638035,2.99998244 490.568370012285,584.956906724624,2.99998244 485.579730328639,585.153562188127,2.99998244 483.059353559932,585.252778402857,2.99998244 480.52305611191,585.352428276408,2.99998244 477.971908146982,585.452363709461,2.99998244 475.407050993743,585.552553010479,2.99998244 472.831110673945,585.652890258325,2.99998244 470.240703270523,585.753450042468,2.99998244 467.627955203846,585.854471437271,2.99998244 465.008961483367,585.955355066911,2.99998244 462.396067578608,586.055625287921,2.99998244 459.79264852973,586.155149977596,2.99998244 457.201343702144,586.253845041263,2.99998244 454.636705589622,586.351090751371,2.99998244 452.106576655457,586.446554122892,2.99998244 449.633726356484,586.539290833594,2.99998244 444.936012497912,586.71341832082,2.99998244 440.409381271453,586.879065236306,2.99998244 435.976723000717,587.039448133538,2.99998244 431.619120155107,587.195361518389,2.99998244 427.289678210857,587.348764342698,2.99998244 422.995218471084,587.49937982205,2.99998244 418.736966840272,587.647164061222,2.99998244 414.484814990557,587.793377344473,2.99998244 410.198582876531,587.939699156612,2.99998244 405.909711555302,588.084828000771,2.99998244 401.635094047527,588.228067891987,2.99998244 397.378194417145,588.369281779358,2.99998244 393.150310286179,588.508006567114,2.99998244 388.944834001026,588.644524404903,2.99998244 384.758515147264,588.778977708856,2.99998244 380.592579629375,588.91132258375,2.99998244 376.447134272118,589.041561712202,2.99998244 372.322285900248,589.169697776826,2.99998244 368.218141338524,589.295733460239,2.99998244 364.134807411703,589.419671445056,2.99998244 360.072390944541,589.541514413894,2.99998244 356.030998761796,589.661265049367,2.99998244 352.010737688225,589.778926034092,2.99998244 348.011714548584,589.894500050684,2.99998244 344.034036167632,590.007989781759,2.99998244 340.077809370124,590.119397909933,2.99998244 336.143140980819,590.228727117821,2.99998244 332.230137824474,590.33598008804,2.99998244 328.338906725845,590.441159503204,2.99998244 324.469554509689,590.54426804593,2.99998244 320.622188000765,590.645308398834,2.99998244 316.796914023828,590.744283244531,2.99998244 312.993839403636,590.841195265637,2.99998244 309.213070964947,590.936047144768,2.99998244 305.454715532516,591.028841564539,2.99998244 301.718879931102,591.119581207566,2.99998244 298.005670985462,591.208268756465,2.99998244 294.315195520352,591.294906893852,2.99998244 290.647560360529,591.379498302342,2.99998244 287.002872330752,591.462045664551,2.99998244 283.381238255776,591.542551663095,2.99998244 279.78276496036,591.621018980589,2.99998244 276.20755926926,591.69745029965,2.99998244 272.655728007233,591.771848302893,2.99998244 269.127377999036,591.844215672934,2.99998244 265.622616069427,591.914555092388,2.99998244 262.141549043163,591.982869243872,2.99998244 258.684283745,592.04916081,2.99998244 255.250926999696,592.113432473389,2.99998244 251.841585632008,592.175686916655,2.99998244 248.456366466694,592.235926822413,2.99998244 245.09537632851,592.294154873279,2.99998244 241.758722042212,592.350373751868,2.99998244 238.44651043256,592.404586140797,2.99998244 235.158848324309,592.456794722682,2.99998244 231.895842542217,592.507002180137,2.99998244 228.65759991104,592.555211195778,2.99998244 225.444227255537,592.601424452223,2.99998244 222.255831400464,592.645644632085,2.99998244 219.092519170577,592.687874417981,2.99998244 215.954397390636,592.728116492527,2.99998244 212.841572885395,592.766373538338,2.99998244 209.754152479613,592.80264823803,2.99998244 206.692242998047,592.836943274219,2.99998244 203.655951265453,592.86926132952,2.99998244 200.64538410659,592.89960508655,2.99998244 197.660648346213,592.927977227924,2.99998244 194.701850809081,592.954380436257,2.99998244 191.76909831995,592.978817394166,2.99998244 188.862497703577,593.001290784267,2.99998244 185.98215578472,593.021803289174,2.99998244 183.128179388135,593.040357591504,2.99998244 180.30067533858,593.056956373872,2.99998244 177.499750460812,593.071602318895,2.99998244 174.725511579587,593.084298109187,2.99998244 171.978065519664,593.095046427366,2.99998244 169.257519105799,593.103849956045,2.99998244 166.56397916275,593.110711377842,2.99998244 163.897552515273,593.115633375372,2.99998244 161.258345988125,593.11861863125,2.99998244 158.646466406064,593.119669828093,2.99998244 156.062020593847,593.118789648515,2.99998244 153.505449200633,593.115945754958,2.99998244 150.975857577972,593.111245890564,2.99998244 145.995370348116,593.096569141133,2.99998244 141.137437073662,593.073099892715,2.99998244 136.43495949532,593.037497669366,2.99998244 131.835380306724,592.995387160128,2.99998244 127.323530534606,592.948470794359,2.99998244 122.820146920391,592.905174875156,2.99998244 118.176530729755,592.881209902165,2.99998244 113.585819416672,592.856425715102,2.99998244 109.189234177858,592.809277896409,2.99998244 104.993825050767,592.759659717549,2.99998244 100.991472750485,592.749577551762,2.99998244 97.3689064408365,592.691147676151,2.99998244 94.1940348396023,592.661704350215,2.99998244 91.8152,592.2076,2.99998244 90.558575483125,588.741799764375,2.99998244 89.6597625183593,585.165890147266,2.99998244 88.749259395,581.018899295,2.99998244 87.9535488472656,576.79402103086,2.99998244 87.399113609375,572.984449178125,2.99998244 87.2124364155468,570.083377560078,2.99998244 89.6738091646093,567.15039520664,2.99998244 92.997155149375,565.946951893125,2.99998244 97.2878825207031,564.833290004297,2.99998244 99.7328406533301,564.266258326904,2.99998244 102.343835845,563.669029485,2.99998244 105.095598666514,563.024055971689,2.99998244 107.962859688672,562.313790280078,2.99998244 110.920349482275,561.520684903271,2.99998244 113.942798618125,560.627192334375,2.99998244 117.004937667021,559.615765066494,2.99998244 120.081497199766,558.468855592735,2.99998244 123.348465591064,557.051249292095,2.99998244 126.1768,555.6984,2.99998244 128.806426722734,554.058119326719,2.99998244 130.788096519375,552.30047399125,2.99998244 133.674635345,548.5313219,2.99998244 136.570556498125,544.58740885875,2.99998244 138.563954204141,542.611312335781,2.99998244 141.21,540.6652,2.99998244 144.992335083516,538.529029678203,2.99998244 148.346961365625,537.073422890625,2.99998244 151.407599663672,536.071515058984,2.99998244 154.307970795,535.296441605,2.99998244 157.181795576953,534.521337950391,2.99998244 160.162794826875,533.519339516875,2.99998244 163.384689362109,532.063581726172,2.99998244 166.9812,529.9272,2.99998244 169.573899747422,527.921894439219,2.99998244 171.990688404375,525.58085356375,2.99998244 174.179235837891,523.089967253906,2.99998244 176.087211915,520.63512539,2.99998244 177.662286502734,518.402217852344,2.99998244 179.8668,514.894,2.99998244)"
        color="rgba(0,0,0,1)"/>
      <vertex
        id="24"
        position="551.402 547.108"
        color="rgba(0,0,0,1)"/>
      <vertex
        id="25"
        position="179.867 514.894"
        color="rgba(0,0,0,1)"/>
      <edge
        id="29"
        startvertex="27"
        endvertex="28"
        curve="xywdense(5 521.3352,499.8608,2.99998244 519.39253473,502.60269461,2.99998244 517.33766407125,504.75746893625,2.99998244 514.8924,506.3036,2.99998244 511.803225021284,507.547981676357,2.99998244 508.328038709297,508.892661830469,2.99998244 505.456428482549,510.09820754791,2.99998244 502.794683971875,511.24118071625,2.99998244 500.294919255029,512.319144522559,2.99998244 497.909248409766,513.329662153906,2.99998244 493.288644645,515.13861164,2.99998244 488.549785299609,516.648534671094,2.99998244 486.016294978565,517.285269233691,2.99998244 483.309582995625,517.83993674375,2.99998244 480.381763428545,518.31010038834,2.99998244 477.184950355078,518.693323354531,2.99998244 474.921449138628,518.929923125254,2.99998244 473.059246916032,519.042546092698,2.99998244 469.7928,519.1892,2.99998244 467.002395826568,519.300300770415,2.99998244 463.695302375242,519.42695618988,2.99998244 460.104207853428,519.560375576084,2.99998244 456.29534123606,519.69804728959,2.99998244 452.394799149322,519.834991553406,2.99998244 448.455666846877,519.969822097893,2.99998244 444.516794038964,520.101374848874,2.99998244 440.746983982031,520.224003442969,2.99998244 437.394252249054,520.329598176737,2.99998244 434.259811600694,520.424384996189,2.99998244 431.235631618867,520.511677918542,2.99998244 428.297457412793,520.592103026738,2.99998244 425.372165034099,520.667854365382,2.99998244 422.498331237488,520.737542066711,2.99998244 419.693588895836,520.800448246535,2.99998244 416.94764570625,520.85675099875,2.99998244 414.257190659779,520.906404422733,2.99998244 411.618912747473,520.949362617859,2.99998244 409.029500960381,520.985579683504,2.99998244 406.485644289551,521.015009719043,2.99998244 401.521352260877,521.053325097307,2.99998244 396.699548589844,521.063941547656,2.99998244 391.993745204846,521.046491865095,2.99998244 387.377454034277,521.000608844629,2.99998244 382.824187006531,520.925925281262,2.99998244 378.30745605,520.82207397,2.99998244 373.800773093079,520.688687705847,2.99998244 369.27765006416,520.525399283809,2.99998244 364.711598891638,520.331841498889,2.99998244 360.076131503906,520.107647146094,2.99998244 355.344759829358,519.852449020427,2.99998244 350.490995796387,519.565879916895,2.99998244 348.009939123116,519.410716496867,2.99998244 345.488351333386,519.247572630501,2.99998244 342.922921418248,519.07640241717,2.99998244 340.31033836875,518.89715995625,2.99998244 337.647291175942,518.709799347118,2.99998244 334.930468830872,518.514274689148,2.99998244 332.149260049551,518.309987032874,2.99998244 329.322254648145,518.098549624199,2.99998244 326.489943267931,517.883234855558,2.99998244 323.576012149577,517.658466337895,2.99998244 320.555249459015,517.422539024059,2.99998244 317.314840061719,517.167111280781,2.99998244 313.647065247661,516.876651839836,2.99998244 309.811423909276,516.571024558943,2.99998244 305.981705858532,516.26315857787,2.99998244 302.207319626787,515.958326782251,2.99998244 298.561192185547,515.664908648607,2.99998244 295.146558026328,515.386513544045,2.99998244 292.119099653252,515.140417628711,2.99998244 289.3944,514.894,2.99998244 284.755708158125,514.319613054766,2.99998244 280.6842847225,513.423420833125,2.99998244 277.060615753125,512.218281251172,2.99998244 273.76518731,510.717052225,2.99998244 270.678485453125,508.932591670703,2.99998244 267.6809962425,506.877757504375,2.99998244 264.653205738125,504.56540764211,2.99998244 261.4756,502.0084,2.99998244 258.7599195325,499.1998089875,2.99998244 256.89718525,495.86621031,2.99998244 255.7129583425,491.8454064775,2.99998244 255.0328,486.9752,2.99998244 254.605039133975,482.749282435879,2.99998244 254.160457463594,478.198034301563,2.99998244 253.739904637363,474.323280481836,2.99998244 253.34573268625,470.7251832625,2.99998244 252.989918045605,467.354320579102,2.99998244 252.684437150781,464.161270367188,2.99998244 252.441266437129,461.096610562305,2.99998244 252.27238234,458.1109191,2.99998244 252.189761294746,455.15477391582,2.99998244 252.205379736719,452.178752945313,2.99998244 252.33121410127,449.133434124023,2.99998244 252.57924082375,445.9693953875,2.99998244 252.961436339512,442.637214671289,2.99998244 253.489777083906,439.087469910938,2.99998244 254.236312703726,435.006343292388,2.99998244 255.0328,431.1376,2.99998244 255.690424822524,428.32660843105,2.99998244 256.342949671797,425.954741132734,2.99998244 257.845172801875,421.517865386875,2.99998244 259.601418422266,417.619139611328,2.99998244 261.673635565,414.050730655,2.99998244 264.123773262109,410.604805366797,2.99998244 267.013780545625,407.073530595625,2.99998244 268.643094354795,405.210939294209,2.99998244 270.405606447578,403.249073190391,2.99998244 272.373480247427,401.080999421201,2.99998244 274.3612,398.9236,2.99998244 276.188343029448,396.970271235361,2.99998244 277.91179352375,395.184537378672,2.99998244 281.037846795,392.199823451875,2.99998244 283.94295229375,389.781285675391,2.99998244 286.8307025,387.740751505,2.99998244 289.90468989375,385.890048396484,2.99998244 293.368506955,384.041003805625,2.99998244 297.42574616375,382.005445188203,2.99998244 299.889904684526,380.780574295308,2.99998244 302.28,379.5952,2.99998244 305.744733566328,377.875614163281,2.99998244 308.669341538125,376.49228711875,2.99998244 311.250774774609,375.407694589844,2.99998244 313.685984135,374.5843123,2.99998244 316.171920478516,373.984615972656,2.99998244 318.905534664375,373.57108133125,2.99998244 322.083777551797,373.306184099219,2.99998244 325.9036,373.1524,2.99998244 330.42232759273,373.002989381221,2.99998244 332.985186047208,372.918304485682,2.99998244 335.533273135469,372.83029355625,2.99998244 339.933829798457,372.654274666328,2.99998244 344.09083918375,372.4902278075,2.99998244 348.028780785449,372.354614837109,2.99998244 351.772134097656,372.2638976125,2.99998244 355.345378614473,372.234537991016,2.99998244 358.77299383,372.28299783,2.99998244 362.07945923834,372.425738986797,2.99998244 365.289254333594,372.67922331875,2.99998244 368.426858609863,373.059912683203,2.99998244 371.51675156125,373.5842689375,2.99998244 374.583412681855,374.268753938984,2.99998244 377.651321465781,375.129829545,2.99998244 380.930694134619,376.264091904077,2.99998244 383.8888,377.4476,2.99998244 387.453235476875,379.387126502266,2.99998244 390.81003159,381.991119605625,2.99998244 393.937302953125,385.187170794922,2.99998244 396.81316418,388.902871555,2.99998244 399.415729884375,393.065813370703,2.99998244 400.607687732422,395.292372013428,2.99998244 401.72311468,397.603587726875,2.99998244 402.759275053828,399.99040944665,2.99998244 403.713433180625,402.443786108359,2.99998244 404.566318335195,404.897522634634,2.99998244 405.3648,407.514,2.99998244 406.18173424668,410.547271157554,2.99998244 406.9198905825,413.656125094219,2.99998244 407.494404622031,416.54187377502,2.99998244 407.941034115,419.33100121875,2.99998244 408.265381277344,422.043698430762,2.99998244 408.473048325,424.700156416406,2.99998244 408.569637473906,427.320566181035,2.99998244 408.56075094,429.92511873,2.99998244 408.451990939219,432.534005068652,2.99998244 408.2489596875,435.167416202344,2.99998244 407.957259400781,437.845543136426,2.99998244 407.582492295,440.58857687625,2.99998244 407.130260586094,443.416708427168,2.99998244 406.60616649,446.350128794531,2.99998244 405.970474792734,449.668020997334,2.99998244 405.3648,452.6136,2.99998244 404.62860943125,455.396646317188,2.99998244 403.622747415,457.9730297575,2.99998244 402.35711975625,460.355303714063,2.99998244 400.84163226,462.55602158,2.99998244 399.08619073125,464.587736748438,2.99998244 397.100700975,466.4630026125,2.99998244 394.89506879625,468.194372565313,2.99998244 392.4792,469.7944,2.99998244 389.429433926953,471.523745672031,2.99998244 386.590551268125,472.84911268375,2.99998244 383.832591183984,473.840490983594,2.99998244 381.025592835,474.56787052,2.99998244 378.039595381641,475.101241241406,2.99998244 374.744637984375,475.51059309625,2.99998244 371.010759803672,475.865916032969,2.99998244 366.708,476.2372,2.99998244 362.919209952344,476.538616918359,2.99998244 359.68912643375,476.713883309375,2.99998244 356.857801900781,476.744664876953,2.99998244 354.26528881,476.612627325,2.99998244 351.751639617969,476.299436357422,2.99998244 349.15690678125,475.786757678125,2.99998244 346.321142756406,475.056256991016,2.99998244 343.0844,474.0896,2.99998244 339.396826508125,472.6020245925,2.99998244 336.213019575,470.61215239,2.99998244 333.780402854375,468.2134039925,2.99998244 332.3464,465.4992,2.99998244 331.165202802422,461.056175490781,2.99998244 330.171710039375,456.27327818125,2.99998244 329.402461950391,451.341562258594,2.99998244 328.893998775,446.45208191,2.99998244 328.682860752734,441.795891322656,2.99998244 328.805588123125,437.56404468375,2.99998244 329.298721125703,433.947596180469,2.99998244 330.1988,431.1376,2.99998244 333.130955191875,428.139023566875,2.99998244 335.560411333203,426.712245792578,2.99998244 338.514817255,425.337012935,2.99998244 341.906196019922,424.015728460547,2.99998244 345.646570690625,422.750795835625,2.99998244 349.647964329766,421.544618526641,2.99998244 353.8224,420.3996,2.99998244 356.552929947031,419.778449903672,2.99998244 359.21450683375,419.354990581875,2.99998244 361.758331483594,419.119112375391,2.99998244 366.297527366406,419.169660671484,2.99998244 369.780124182969,419.849217518203,2.99998244 372.528368474375,422.736272690625,2.99998244 373.991988075,426.842641605,2.99998244 375.035013638125,430.948889716875,2.99998244 374.892100505547,433.507643122891,2.99998244 370.954637395,434.529009385,2.99998244 368.032039023125,435.160991019375,2.99998244 366.708,435.4328,2.99998244)"
        color="rgba(0,0,0,1)"/>
      <vertex
        id="27"
        position="521.335 499.861"
        color="rgba(0,0,0,1)"/>
      <vertex
        id="28"
        position="366.708 435.433"
        color="rgba(0,0,0,1)"/>
    </objects>
  </layer>
</vec>
