<?xml version="1.0" encoding="UTF-8"?>
<!-- Created with VPaint (http://www.vpaint.org) -->

<vec
  version="1.7">
  <playback
    framerange="0 47"
    fps="24"
    subframeinbetweening="off"
    playmode="normal"/>
  <canvas
    position="0 0"
    size="1280 720"/>
  <layer
    name="Layer 1"
    visible="true">
    <background
      color="rgba(255,255,255,1)"
      image=""
      position="0 0"
      size="cover"
      repeat="norepeat"
      opacity="1"
      hold="yes"/>
    <objects>
      <edge
        id="0"
        curve="xywdense(5 369.5,437.5,6.171875 373.267428783705,436.613552601298,6.19303277482603 377.018608596582,435.804506404357,6.21419054965206 380.752129442845,435.029409400031,6.23534832447809 384.466854782516,434.256995828125,6.25650609930412 388.161126384225,433.462467604163,6.27766387413015 391.832401358116,432.624423872246,6.29882164895618 395.476968885601,431.723020673808,6.31997942378221 399.089624859274,430.738746277251,6.34113719860824 402.663242117976,429.651527008012,6.36229497343427 406.188186679289,428.44003539768,6.38345274826029 409.625006137418,427.083427091058,6.589842694439 412.973758281236,425.499201592787,6.8269272731884 416.258167248599,423.7187154536,6.98924259021736 419.488686674494,421.771395548559,7.0485562078114 422.590253301071,419.620929022556,7.08623900239838 425.457814133187,417.212008889772,7.10155269893628 427.946411735284,414.477480067571,7.12234087169023 429.837001589701,411.367418721162,7.13223538685219 430.883893735337,407.932954682326,7.14863353368618 430.889313344665,404.307595740473,7.16694408056118 429.812012154837,400.739559797331,7.28822678691625 427.848022970522,397.432330393715,7.41615121673658 425.257146725622,394.469236534287,7.53244128019974 422.357855640825,391.843679440807,7.63571627842884 419.335772732554,389.396254502936,7.734375 416.244491933765,387.070343200201,7.7386296627805 413.15840370938,384.848700814135,7.7532781002805 410.101076954961,382.670061673245,7.7679265377805 407.078459568573,380.507342886313,7.7734375 404.07708817435,378.331567171385,7.81131638439678 401.122401808931,376.152792841713,7.86850892415091 398.190070572882,373.966161275804,7.92570146390504 395.25425953426,371.738102682908,7.98348928661915 392.354344108693,369.487519637389,8.0430889060923 389.477741124862,367.212899553585,8.10268852556545 386.638554366284,364.89924763392,8.13576333124765 383.853039286808,362.547577440005,8.16754025377968 381.103717016214,360.108314445125,8.18359375 378.414914270076,357.576719743274,8.20528982087809 375.771348066216,354.940286786838,8.22912644271579 373.202721357635,352.217373646405,8.2450149039818 370.705965221415,349.388231233763,8.26090336524782 368.292223777077,346.461498789948,8.2719357996152 365.979551779758,343.462524031769,8.28270554505603 363.754049415844,340.400095571456,8.29347529049686 361.603574346132,337.286745029362,8.305492508228 359.521843204668,334.132488672514,8.320140945728 357.498452848764,330.938746637159,8.32055604130721 355.53652136424,327.718184093326,8.32964061659451 353.646117010957,324.459444411641,8.3387251918818 351.86530533741,321.146529992099,8.3542046916822 350.24596720753,317.78610603167,8.359375 348.836955237341,314.405461074887,8.359375 347.655566164047,310.972095473106,8.359375 346.721541765282,307.446898373786,8.3612698034771 346.058405988333,303.847671545695,8.37015172333927 345.675128717587,300.169486503381,8.37911227220647 345.575043024297,296.432526146328,8.39347624694804 345.783468487679,292.661779738536,8.3984375 346.292342119401,288.912830689295,8.3984375 347.091931363185,285.168262926235,8.39689685590171 348.139925357128,281.496744886701,8.39047309111186 349.383809872131,277.919150880543,8.38404932632202 350.790626832128,274.43580980046,8.38217137774415 352.336217112085,271.079852695479,8.39821484249755 354.046785758043,267.844376900308,8.37890625 355.938859024099,264.7485505331,8.37890625 358.077709267089,261.761987422546,8.37890625 360.495999742156,258.919621296749,8.37628158144424 363.203470473035,256.254796808282,8.359375 366.132670865244,253.83237872237,8.359375 369.253762893516,251.684228688308,8.359375 372.543731640918,249.829542690463,8.359375 376.004702730096,248.283472842929,8.36026135135278 379.611231889608,247.060470952326,8.37663880235985 383.320461007584,246.146075312941,8.359375 387.037662193305,245.525524465678,8.359375 390.713549817252,245.183281363307,8.359375 394.346788645397,245.109952812101,8.359375 397.987298125448,245.316054910802,8.35695857705249 401.585384983256,245.813868236036,8.34787400176519 405.164210914971,246.619604487814,8.34190535810737 408.706952448416,247.744300660102,8.35908080216829 412.181200887792,249.165645829058,8.34131696244395 415.549230904657,250.850489529315,8.33052922749664 418.784561168083,252.795689724079,8.32037236355209 421.866341918709,254.97007549198,8.3203125 424.793446524204,257.286241701619,8.3203125 427.626399062382,259.6879965564,8.3203125 430.427197158351,262.143350505888,8.30757539236487 433.202439186209,264.593102334491,8.30078125 435.977966428432,266.977238746561,8.30078125 438.834441550965,269.280354990824,8.29861480400256 441.788881632804,271.456227907577,8.28396636650256 444.86680920586,273.482662693531,8.24815638938173 448.071093124468,275.334415708529,8.22821618522625 451.372389609278,276.991786413567,8.21183873421917 454.786517163341,278.474367995819,8.1954612832121 458.288760023852,279.791143868969,8.18140611853746 461.856460501177,280.947406706167,8.17346188790446 465.496998302849,281.937262388727,8.16551765727145 469.209981109298,282.726813651394,8.14586846245086 472.941472120554,283.303421147867,8.12359446085117 476.679865474529,283.656829592817,8.10132045925147 480.417670887407,283.76317891849,8.08090208272733 484.123514363368,283.601510206786,8.06462604106066 487.775922979091,283.15946717028,8.048349999394 491.353849509507,282.42437968109,8.046875 494.838270862289,281.375677755656,8.046875 498.206235104631,279.987180427748,8.046875 501.430136067741,278.231681484507,8.046875 504.465042597992,276.092019701603,8.05759448988227 507.24755626172,273.565371469807,8.06878487132895 509.72018171748,270.684584400949,8.07914288081898 511.864396192878,267.493234791059,8.10699282316641 513.666926733946,264.077557161574,8.16819612066129 515.151879947764,260.507358872126,8.22939941815616 516.371331580578,256.843603296448,8.29495434133525 517.387090150904,253.136580950906,8.3653784585941 518.26703626726,249.414464162886,8.41978897191597 519.075052423471,245.710968011804,8.46003132463531 519.860048373736,242.030935486106,8.48735124854663 520.638166786953,238.405439950091,8.50709118048363 521.436810928298,234.826985464304,8.52813716819601 522.29591870348,231.280932588261,8.54918315590839 523.244590411852,227.758328124181,8.55986804787359 524.296295334515,224.27685171694,8.56688337711105 525.469755743791,220.823324866257,8.57389870634851 526.775721308706,217.40650102612,8.58616281250744 528.207989355566,214.042323313647,8.59867781725915 529.767333028338,210.72191158309,8.61119282201086 531.45487432291,207.447274443295,8.63020514634457 533.259008709504,204.238921750533,8.65051887423367 535.183956524924,201.091126933074,8.67083260212278 537.228771169545,198.011159522743,8.6957077359777 539.371305374097,195.002755345947,8.72082959903568 541.601928569257,192.047011220872,8.74595146209366 543.915447962018,189.132883216881,8.78258282955621 546.323564302948,186.256924292043,8.80859375 548.809140898549,183.451536997139,8.80859375 551.371220153642,180.727197068897,8.81359262831277 553.995642476204,178.085082162642,8.81967506091924 556.672862200639,175.513621939741,8.82575749352572 559.394779038659,173.001459980695,8.828125 562.158947364618,170.540464767823,8.828125 564.967723180573,168.123691436783,8.828125 567.826078031178,165.754582775015,8.828125 570.74282148999,163.434009985462,8.828125 573.727785754494,161.161255817681,8.828125 576.762570103344,158.954012356599,8.828125 579.847069664523,156.812938968157,8.828125 582.982293552213,154.739949523029,8.828125 586.16912859208,152.740141281019,8.828125 589.411358562558,150.819679648223,8.828125 592.702115405194,148.993221266894,8.828125 596.046222181023,147.265152147591,8.828125 599.450168804512,145.641228720855,8.828125 602.904712450641,144.1373084461,8.828125 606.41488307385,142.773366628198,8.828125 609.980778985293,141.568156810522,8.82769538663838 613.58353991031,140.541422068046,8.82068005740092 617.215608154124,139.706764059129,8.81366472816346 620.877241009452,139.087039735449,8.80859375 624.52946531475,138.704884487881,8.80859375 628.170586125435,138.602784168845,8.80859375 631.781122011176,138.868090567036,8.80859375 635.312390116255,139.567386486402,8.78894100985017 638.693987926296,140.818594139531,8.77736040318451 641.785291974188,142.81437706734,8.76953125 644.348918936598,145.603160017722,8.75477897127665 646.22065231739,148.980798996625,8.74055661426176 647.413084702398,152.630997550871,8.73046875 648.083630022299,156.340587609151,8.73027295793981 648.378260709,160.022832752702,8.72361457725799 648.415876045998,163.664715859633,8.71695619657618 648.233743096589,167.314180824412,8.7109375 647.828022204258,170.969649894617,8.7109375 647.236988975412,174.639314073662,8.7109375 646.48624927837,178.317026984321,8.70418357111852 645.597306070117,181.959965696098,8.69716824188106 644.585979223115,185.576986230221,8.6925539002538 643.475290650608,189.158167619833,8.69897766504365 642.290033051926,192.709779822286,8.70540142983349 641.058084177855,196.243540267278,8.7109375 639.807693740905,199.769033137362,8.7109375 638.557068616838,203.30303048779,8.7109375 637.327482859553,206.867019256547,8.7109375 636.148254956833,210.461327221068,8.7109375 635.044880848442,214.077933700498,8.7109375 634.0370737353,217.72392980317,8.7109375 633.144001386751,221.39520592936,8.71680509873518 632.389674240186,225.081499344537,8.72335607913801 631.795061092484,228.780292202929,8.72990705954084 631.376823912266,232.483190594025,8.74162913287584 631.153121777366,236.190079306052,8.74424575381124 631.141994796008,239.898766320206,8.7322821672255 631.346138497459,243.603040902126,8.7396063859755 631.76999772429,247.299897125781,8.7469306047255 632.440115193778,250.981618031252,8.74551502225848 633.382321356336,254.602815040599,8.73779461781471 634.629953224711,258.132647580787,8.73088721928875 636.210139696277,261.528287182904,8.73907594479229 638.136629477463,264.7457892583,8.74726467029583 640.416703268646,267.740466497488,8.75 643.030303452634,270.449305167422,8.75 645.950202904534,272.837805693505,8.75188431115144 649.12320693876,274.880394590375,8.76096888643873 652.49578647561,276.568901917478,8.76953125 656.006431174267,277.920748248742,8.76953125 659.612069905922,278.964878109898,8.76953125 663.289964096136,279.731433860661,8.78186263142855 667.040903495183,280.252052866561,8.78189839382988 670.835267860013,280.556977936266,8.7705494379784 674.631450422402,280.682700867317,8.7778736567284 678.407485937716,280.671130991488,8.7851978754784 682.164384705662,280.552017631121,8.79482849038067 685.897541353165,280.343578207927,8.80703552163067 689.611297961291,280.056131924019,8.79606333761117 693.316862062674,279.68819272564,8.7890625 697.011059628875,279.249548050061,8.7890625 700.708189467954,278.75172499957,8.7890625 704.425985798292,278.203434964754,8.7890625 708.126429298246,277.616343385601,8.7890625 711.813030744476,276.98974163952,8.7890625 715.492730009335,276.318221386123,8.79512978506301 719.157103551979,275.602100016135,8.80548779455305 722.816203635562,274.838929420593,8.80859375 726.450884003996,274.023673998727,8.80859375 730.067440504205,273.144380213172,8.80859375 733.681633719774,272.193787263397,8.80859375 737.277677790384,271.182059945085,8.80883646040671 740.849644144961,270.122650504218,8.81462676373954 744.395833984055,269.023338381386,8.82041706707236 747.928997173257,267.890246345866,8.82620737040519 751.462817817954,266.730553030075,8.83587034747604 754.992793791181,265.555230910224,8.8474509541417 758.522406112499,264.368610297611,8.84765625 762.057180378638,263.17052238,8.85059762092177 765.580129840988,261.976142192936,8.85598249364219 769.101576963316,260.795059478558,8.8613673663626 772.633248183972,259.636469724245,8.86675223908302 776.181173340618,258.510246617928,8.8671875 779.75095556239,257.425413155871,8.8671875 783.34934060004,256.390018345527,8.8671875 786.991615588616,255.407425073987,8.86905847911682 790.65686900032,254.49025446959,8.87548224390666 794.343333542959,253.643802909422,8.88190600869651 798.060897839141,252.869479445671,8.88973851179286 801.788576909497,252.176360698332,8.90177945324589 805.521480529732,251.571116940801,8.91007415409461 809.254172025306,251.062290914986,8.91615658670109 812.986010255755,250.658582158491,8.92223901930756 816.720756863057,250.371483860947,8.9238732178932 820.445856751651,250.207375428402,8.91930449576269 824.159820806437,250.168430692048,8.91473577363218 827.861426850805,250.257131172956,8.91016705150168 831.554795683397,250.475302206258,8.90625 835.230233667557,250.825360715675,8.90625 838.885509026236,251.312371526091,8.90625 842.5247261535,251.942134954949,8.90625 846.140724539582,252.717365340313,8.90625 849.714720224999,253.632457877823,8.90625 853.248154879301,254.683140360344,8.90625 856.740653499043,255.863848795604,8.90625 860.190517233076,257.17088206037,8.90625 863.604555956557,258.600581175548,8.90625 866.984657605101,260.146824676522,8.90625 870.315462296787,261.797127709832,8.90625 873.601488152919,263.545629153065,8.90625 876.848277721938,265.388680062613,8.90625 880.060442209239,267.327328489157,8.90625 883.236753350254,269.36496320294,8.90625 886.367281960461,271.490033908059,8.90625 889.447464601535,273.695330445851,8.90625 892.470873005819,275.969635222488,8.90625 895.437341232833,278.309107712852,8.90625 898.345248491391,280.712725033636,8.90625 901.190818845252,283.179927481316,8.90625 903.971318680601,285.711484870605,8.90625 906.682924782124,288.308773460071,8.90625 909.321241400233,290.973359738835,8.90625 911.88184367737,293.706622147464,8.90625 914.361677343359,296.510629990535,8.90625 916.757421350882,299.387120490228,8.90625 919.066160804619,302.335084930932,8.90236068245139 921.283144163683,305.350738244842,8.89747786995139 923.407325809226,308.434178813265,8.89259505745139 925.438283469335,311.584703815095,8.88771224495139 927.374451529706,314.797930540945,8.87881621530775 929.209173500525,318.063561846002,8.86889504155562 930.941293778983,321.379608389943,8.8589738678035 932.569838444205,324.743780653836,8.84905269405137 934.094199901814,328.15441242339,8.84367601362628 935.513520473022,331.612141928439,8.83904377096002 936.825368572211,335.118002796295,8.83441152829376 938.026133560221,338.672796579076,8.82977928562749 939.11068114191,342.277185353264,8.82614409244399 940.074549406351,345.917703900252,8.82306277045733 940.917824943592,349.592332893625,8.81998144847067 941.640105746273,353.299453181181,8.81690012648401 942.240563037141,357.037538006301,8.81381880449736 942.717818943317,360.804535095937,8.8107374825107 943.071265456818,364.600384908669,8.80222625073521 943.2989585467,368.412983641307,8.78129991144949 943.39848938804,372.239554347401,8.75981300505763 943.36729239181,376.063342981952,8.73760570594067 943.203890596095,379.879580708223,8.7153984068237 942.908035295948,383.684294316025,8.69319110770674 942.480551681104,387.473084662635,8.67098380858977 941.923123254309,391.240872345479,8.64877650947281 941.237456542893,394.983339883611,8.62407644618599 940.426610804799,398.689467533168,8.59300241771588 939.494904647189,402.355581235744,8.56322591715422 938.446190400766,405.978352893398,8.53543246115664 937.28299214105,409.55756193916,8.50763900515907 936.008464968189,413.092868854896,8.47984554916149 934.625210839493,416.584706373476,8.4543639806338 933.139497940104,420.025419152459,8.43947538880918 931.556318801638,423.413802935636,8.42458679698457 929.878185949499,426.750871297954,8.40969820515995 928.106174829628,430.036435753702,8.39480961333533 926.239875171341,433.269266156357,8.37992102151072 924.277482279857,436.446763982349,8.3650324296861 922.216472460956,439.564298506003,8.34774635425855 920.063738021053,442.607200400737,8.32899095192463 917.815265819489,445.571653584976,8.3240144011806 915.475697330195,448.443797491362,8.33090444660333 913.041287570505,451.223871231027,8.33779449202607 910.501713522341,453.90660400253,8.3446845374488 907.844469288892,456.481932850091,8.35157458287153 905.057640904322,458.937496268437,8.35846462829426 902.138779181642,461.256192548112,8.359375 899.093106895501,463.423070261142,8.36624249427542 895.932205430489,465.422269315507,8.37909002385511 892.656005558396,467.249495441918,8.3919375534348 889.269531832117,468.901998618093,8.40309949221763 885.786394995641,470.369954409039,8.41253538029967 882.207911564073,471.638868878735,8.42197126838171 878.543199654909,472.707056198348,8.43140715646376 874.801238746986,473.583550687451,8.44258901833069 871.021001328508,474.271054601466,8.45695299307225 867.232401266668,474.779411590069,8.48098193146603 863.457486500035,475.125913499812,8.50601425390126 859.704783626137,475.326952680868,8.53264777662853 855.968247855831,475.390366380639,8.5592812993558 852.24253692202,475.306529701442,8.59030084911423 848.542772680038,475.068105955696,8.62692194286423 844.866882150772,474.669811984423,8.66354303661423 841.218985069589,474.092985961814,8.69406681965381 837.600166121126,473.315679154397,8.72541515126809 834.04368885295,472.314966718729,8.76049179745539 830.5550577362,471.064518723712,8.79556844364269 827.135909322696,469.554928295493,8.8427947826521 823.814183800227,467.800382177412,8.89236184468484 820.613018915772,465.833841850184,8.92165871968484 817.534278510061,463.693596375668,8.95338045110829 814.558291637882,461.434454981244,8.98549927505753 811.642112932601,459.103596612824,9.01761809900676 808.751783002858,456.734199182793,9.04742626459897 805.865169203464,454.348812046859,9.07507159807524 802.984125413731,451.962491158319,9.10096662180033 800.116676527505,449.571066339029,9.12039033680348 797.271062601192,447.178842151372,9.13966163117302 794.446539337084,444.766736718971,9.15893292554256 791.64923053396,442.322417170096,9.19229345521992 788.874784905038,439.839813254013,9.22153601083108 786.128674823821,437.325131309812,9.23370087604403 783.409727384015,434.772719453262,9.24586574125698 780.70346808295,432.184933201034,9.25767503057453 778.002792708967,429.580884819876,9.25000768795847 775.311523685063,426.971306648184,9.2423403453424 772.619495062228,424.362132644822,9.23467300272633 769.914056755196,421.762504231961,9.22700566011026 767.182296492709,419.18208176242,9.21933831749419 764.416615685288,416.633362341915,9.21346958609421 761.608999622717,414.13274715056,9.2077503321188 758.74471631834,411.693788969738,9.20203107814339 755.809494116231,409.328214939796,9.20183801952824 752.801578864608,407.052455642622,9.20699132185781 749.710582493757,404.874258564217,9.21214462418737 746.527374731844,402.801083047444,9.21729792651694 743.251330482516,400.840113437281,9.21875 739.902083234015,399.015835457232,9.21875 736.482184771725,397.339635982575,9.21875 732.997139645482,395.815948598451,9.22037725939596 729.470835082555,394.452180067159,9.23195786606162 725.915067905845,393.251569358864,9.23828125 722.335953220247,392.211610611494,9.23817333987495 718.734995145354,391.32233121091,9.23215286914843 715.107355347476,390.571656900604,9.22613239842192 711.446568030411,389.942313986554,9.2201119276954 707.759033330456,389.423588677608,9.21409145696889 704.068251435684,389.004533548122,9.20807098624237 700.369371779681,388.673060700225,9.20205051551586 696.659333131123,388.429412755068,9.19921875 692.945997614118,388.283073217815,9.19921875 689.233782110211,388.250872082066,9.18787055864149 685.526616628248,388.34565732323,9.1796875 681.831757380009,388.587482132656,9.1796875 678.143128817275,389.009065699992,9.1796875 674.455772350786,389.667792311445,9.1796875 670.826696000175,390.606757576735,9.1796875 667.286738129411,391.86688546472,9.1796875 663.878804295618,393.484188420024,9.19484759939878 660.659840056124,395.477268048876,9.19177275857881 657.711427705785,397.841449643933,9.18161589463425 655.078069086661,400.548393929991,9.15964849908439 652.803807174827,403.531681790998,9.1505639237971 650.893222812083,406.741850484488,9.1414793485098 649.328516494044,410.125987235852,9.12319953086253 648.067563310544,413.643233818536,9.10396519011159 647.074858395338,417.280907784803,9.1015625 646.317627106607,421.026973862666,9.08489956724597 645.79280162874,424.824191227513,9.08203125 645.467077525021,428.641598169772,9.08203125 645.285780778892,432.470583726144,9.09276237782313 645.207171219873,436.303800253789,9.1015625 645.196545914266,440.104613690182,9.1015625 645.222482679613,443.865479847912,9.1015625 645.253994844882,447.591787158396,9.1015625 645.27779352164,451.31191769692,9.09890417485312 645.28790174164,454.997814007183,9.0922457941713 645.287081600258,458.658993571521,9.08558741348949 645.285431212682,462.320084056899,9.07634385181406 645.287187273252,465.98812563463,9.06413682056406 645.288929974079,469.674431831132,9.05192978931406 645.30118481448,473.357636241855,9.03972275806406 645.332251794374,477.063153688821,9.02751572681406 645.374189489961,480.81760942559,9.00392836935374 645.420143441732,484.606478082379,8.97994613379715 645.459390135217,488.401084951639,8.96662937243352 645.469140319732,492.199409793549,8.95331261106988 645.40794959387,496.011557025845,8.9453125 645.239382287644,499.803723594805,8.9453125 644.940437529203,503.566772375916,8.93360480967687 644.493859369987,507.300659928327,8.92883342815013 643.879972028469,511.006277889658,8.93538440855296 643.080532770053,514.683128933769,8.94193538895579 642.094414512541,518.333091378752,8.95092316136521 640.930968499219,521.933903405871,8.96250376803086 639.60182560103,525.482429592345,8.96484375 638.122672829774,528.968837759035,8.96484375 636.501907952136,532.399906504315,8.96484375 634.742832918135,535.7718560868,8.96484375 632.853527039487,539.084205222843,8.96245421060548 630.854550173553,542.32293230446,8.95617374484099 628.754587240188,545.494990809655,8.94989327907649 626.549683156239,548.613136855486,8.9453125 624.256052847655,551.650817923537,8.9453125 621.87311510528,554.599490774212,8.93887112297272 619.403590691803,557.450542002931,8.9274326150219 616.846446663371,560.200305450732,8.92578125 614.201058721938,562.834024589651,8.92578125 611.451779954293,565.34460541034,8.92578125 608.582386132176,567.719944852057,8.92578125 605.616933977481,569.932637435144,8.92578125 602.551132628758,571.986262330844,8.92578125 599.386154749534,573.880544902236,8.93595351494938 596.113502063718,575.615086251878,8.9453125 592.750306797874,577.172468450737,8.9453125 589.288681425672,578.5518924852,8.9453125 585.722547146804,579.761444447436,8.936284008479 582.076724200149,580.790826613822,8.92578125 578.372343276737,581.635998615123,8.92578125 574.616356229516,582.307003272861,8.92578125 570.798481601797,582.799297147879,8.92787570041261 566.971287435937,583.1026000611,8.93516357045809 563.158524328079,583.215851673753,8.94245144050358 559.374104294356,583.114941374829,8.9453125 555.656763540191,582.777463420133,8.9453125 552.039122052083,582.178487763102,8.9453125 548.546656555478,581.281505020189,8.93809971942565 545.183928715166,580.046905999852,8.93015548879264 541.940564202592,578.448871739939,8.92578125 538.861137008787,576.500282660192,8.92106650025158 535.95216724716,574.212325640836,8.88671875 533.250953410375,571.653389318425,8.88671875 530.754561503217,568.881481483536,8.88671875 528.43452073238,565.910100322261,8.88671875 526.296901297287,562.803231060176,8.88671875 524.322799313971,559.589559729354,8.88671875 522.514215121634,556.278725351243,8.91027736829804 520.868613608659,552.900954919012,8.92928241571272 519.380295252655,549.466949879647,8.93671903313313 518.043832081194,545.971063848259,8.94415565055354 516.851876099257,542.413231546084,8.9453125 515.804810648096,538.801877100572,8.9506626778536 514.903055685722,535.174324470024,8.95784466522439 514.112643865992,531.535399834653,8.96484375 513.390320556291,527.897205108752,8.96484375 512.67774524481,524.259960743419,8.96484375 511.904784977845,520.619716726702,8.96484375 511.015654507046,516.991165487822,8.96484375 509.978826523457,513.383093324085,8.96484375 508.77472814423,509.801358531785,8.96492212850189 507.39295403912,506.26770037356,8.98948830501251 505.81413995489,502.815493053605,9.01405448152313 504.037577986699,499.452317855562,9.04368171071166 502.077871847791,496.195038820148,9.0711431203026 499.981331706996,493.082574078879,9.09388309581859 497.775069728669,490.092190948768,9.11942578987851 495.470995025716,487.184788380466,9.14356059792796 493.078711797579,484.362744854042,9.15943084456293 490.589049754228,481.629005646417,9.14067544222901 487.982527036627,478.97951686512,9.12192003989509 485.235851862167,476.459572583149,9.08829003432413 482.345218463681,474.140149657645,9.05397451047165 479.26849801106,472.09331319928,9.01965898661918 475.977313573065,470.399711174863,8.99870389644615 472.512284525804,469.154469087239,8.98908672607068 468.897769181808,468.41711588485,8.99051674079995 465.183429992708,468.227368986037,9.00255768225298 461.431412699538,468.569129611313,9.01666148068022 457.744169225945,469.390386221712,9.00906797403388 454.121597401508,470.610244777492,8.98135437621191 450.598258397497,472.165639655573,8.92852044506092 447.246574757425,473.937053869641,8.89959709595306 444.085924867792,475.903135446826,8.89353635181521 441.182282888531,478.144778135688,8.90661691552505 438.547500482794,480.714135910098,8.92578125 436.085648116908,483.571453257638,8.9288520241228 433.795630750157,486.526988695968,8.93900888806735 431.582048276249,489.540397013428,8.94887015776581 429.388942318073,492.506374005998,8.95824785893277 427.107640539869,495.424119002446,8.96484375 424.74595263204,498.239938028984,8.96484375 422.321477555439,500.943185443802,8.96484375 419.805321394227,503.612868399172,8.96484375 417.214852994828,506.248960593171,8.96785738193176 414.565565863667,508.849557482888,8.9782153914218 411.808715790511,511.464972319081,8.99137233485306 408.98383991106,514.045804775623,9.0072389131282 406.106354271864,516.561238827344,9.01940377834115 403.169000424174,519.003444597759,9.0315686435541 400.162437571419,521.359118106419,9.04296875 397.080116497375,523.613374638539,9.04296875 393.91044821295,525.754195734259,9.04296875 390.658406065915,527.777070457594,9.04296875 387.348958812616,529.665851988647,9.04296875 383.988311102218,531.432015898795,9.04296875 380.595523937888,533.08653933869,9.04296875 377.179272712736,534.648489574253,9.04296875 373.757609093792,536.130807094586,9.04296875 370.323840310083,537.547589695303,9.04982020198992 366.887343703884,538.904208710556,9.05839255163808 363.424502156999,540.192809267588,9.06551587474374 359.934686249024,541.390341277203,9.07130617807657 356.391606761206,542.473948466316,9.0770964814094 352.755889843014,543.40671808054,9.07860911103109 349.028318471749,544.152930184434,9.06790871556204 345.25432401311,544.69087215835,9.08203125 341.489806886559,544.996859540059,9.08203125 337.741921083706,545.054372826729,9.08203125 334.020037578072,544.883252923151,9.08207652873237 330.332660277599,544.515763720717,9.09116110401966 326.66841428399,543.977941413879,9.10024567930696 323.016429153891,543.272162058226,9.1015625 319.385375405235,542.385552390696,9.1015625 315.81896477057,541.319684098772,9.1015625 312.308593248864,540.026699090338,9.1015625 308.935285238796,538.487648557035,9.09508256156412 305.741207678335,536.658314639314,9.08599798627682 302.746669478352,534.472764004553,9.08203125 299.994436582,531.934475121753,9.06644569682023 297.518464139205,529.086563612607,9.05280440933432 295.340581917803,526.000695370076,9.04296875 293.433733791464,522.738403239124,9.04296875 291.768000522352,519.324218786522,9.04296875 290.336679869049,515.813276460976,9.04296875 289.118812082293,512.2000606624,9.0503896076275 288.136997796347,508.512532964975,9.0625 287.402350072412,504.836645199854,9.0548678236717 286.905554738606,501.156349851136,9.04296875 286.647347309259,497.468313465648,9.04296875 286.635120589631,493.751889038921,9.04296875 286.847105634357,490.05250440232,9.04296875 287.250360422485,486.356695109138,9.04296875 287.857546241758,482.698058467252,9.04296875 288.672092064913,479.09405365372,9.04296875 289.716783605501,475.51670210849,9.04296875 291.079516601908,471.993780752548,9.04296875 292.744997811291,468.579398401563,9.05474742245157 294.564380297845,465.435235527028,9.04296875 296.480412497358,462.462609184345,9.05008077972366 298.505526438515,459.537124194905,9.04730852773474 300.782698840909,456.704632169488,9.04296875 303.438483888875,453.976739423054,9.04296875 306.443558929314,451.496503934557,9.04296875 309.723333576032,449.32621812125,9.04296875 313.108842627177,447.556508814058,9.02345094404061 316.501182608658,446.16534018451,9.0234375 319.911017839317,445.094856331289,9.0234375 323.346792248361,444.277954298011,9.0234375 326.849451826805,443.607646501482,9.02411512326439 330.505820705596,443.01754140284,9.03462809635341 334.214016043266,442.53702633711,9.0234375 337.877447058389,442.062810728822,9.0234375 341.475548747927,441.502828009371,9.0234375 344.990833674221,440.857728953577,9.01172338252163 348.518750559959,440.212767497607,8.99106003664847 352.095910308218,439.644641494197,8.97263311235995 355.827757790697,439.310208528443,8.96484375 359.626375848125,439.294737276795,8.94128819332603 363.314315251164,439.3988311048,8.73590851771444 366.603014333069,439.11428450691,8.3534586688954 369.5,437.5,4.9609375)"
        color="rgba(0,0,0,1)"/>
    </objects>
  </layer>
</vec>
