<?xml version="1.0" encoding="UTF-8"?>
<!-- Created with VPaint (http://www.vpaint.org) -->

<vec
  version="1.7">
  <playback
    framerange="0 47"
    fps="24"
    subframeinbetweening="off"
    playmode="normal"/>
  <canvas
    position="0 0"
    size="1280 720"/>
  <layer
    name="Layer 1"
    visible="true">
    <background
      color="rgba(255,255,255,1)"
      image=""
      position="0 0"
      size="cover"
      repeat="norepeat"
      opacity="1"
      hold="yes"/>
    <objects>
      <edge
        id="2"
        startvertex="0"
        endvertex="1"
        curve="xywdense(5 100.4056,524.8259,2.99992875 101.532463337031,522.168146847969,2.99992875 102.895976569434,519.276351121192,2.99992875 104.75281889875,515.72518326125,2.99992875 107.072946365723,511.801573743653,2.99992875 109.826315011094,507.792453043906,2.99992875 112.982880875605,503.98475163752,2.99992875 116.5126,500.6654,2.99992875 118.642641199002,498.894495809007,2.99992875 120.954857827554,497.037040423961,2.99992875 123.469857085996,495.01265482244,2.99992875 125.94198038834,493.025279234024,2.99992875 128.066463962057,491.299297241393,2.99992875 130.041230567112,489.692999762817,2.99992875 133.830617378594,486.638714685312,2.99992875 137.385463305017,483.827029340894,2.99992875 140.781090828613,481.222549068945,2.99992875 144.092822431614,478.789879208853,2.99992875 147.39598059625,476.4936251,2.99992875 150.765887804753,474.298392081773,2.99992875 154.277866539355,472.168785493555,2.99992875 158.007239282288,470.069410674731,2.99992875 162.029328515781,467.964872964688,2.99992875 166.419456722068,465.819777702808,2.99992875 168.765309548631,464.725177121058,2.99992875 171.252946383379,463.598730228477,2.99992875 173.956367539043,462.410710917062,2.99992875 176.77734665515,461.198864479945,2.99992875 179.651237867173,459.988083213318,2.99992875 182.5513,458.7872,2.99992875 185.436163727282,457.609871013068,2.99992875 188.285067638209,456.466518677946,2.99992875 191.08324223731,455.36448865151,2.99992875 193.771342452227,454.326667412481,2.99992875 196.261743506827,453.386788619049,2.99992875 198.624515016968,452.51965638968,2.99992875 203.089753475312,450.961777636719,2.99992875 207.254531578149,449.628252720496,2.99992875 211.206323076367,448.49430320791,2.99992875 215.032601720855,447.535150665862,2.99992875 218.8208412625,446.72601666125,2.99992875 222.658515452192,446.042122760974,2.99992875 226.63309804082,445.458690531934,2.99992875 230.832062779272,444.950941541028,2.99992875 235.342883418437,444.494097355156,2.99992875 240.253033709204,444.063379541218,2.99992875 242.905519608521,443.850480336048,2.99992875 245.649987402461,443.634009666113,2.99992875 248.375411785307,443.408436791273,2.99992875 251.295992850218,443.174720134063,2.99992875 254.508255639819,442.936670176254,2.99992875 258.2542,442.6802,2.99992875 262.966238228822,442.379421928412,2.99992875 265.523639364839,442.22571137824,2.99992875 268.169658012399,442.073548720391,2.99992875 270.86359333029,441.925664571666,2.99992875 273.590636333565,441.785153787379,2.99992875 276.338824172223,441.653934674186,2.99992875 279.058917600215,441.538267494863,2.99992875 281.680193038522,441.447760038905,2.99992875 284.255140636051,441.374288032813,2.99992875 286.811222753228,441.313329028384,2.99992875 289.352799176487,441.263685339226,2.99992875 291.897706193758,441.222219834558,2.99992875 294.432976660988,441.190228399345,2.99992875 296.95141907762,441.168175728103,2.99992875 299.453542801094,441.155418261406,2.99992875 304.403170740326,441.156322957896,2.99992875 309.270533622205,441.190010521301,2.99992875 314.044304590252,441.25354898411,2.99992875 318.713156787988,441.344006378809,2.99992875 323.265763358935,441.458450737885,2.99992875 327.690797446614,441.593950093826,2.99992875 331.976932194545,441.747572479118,2.99992875 336.11284074625,441.91638592625,2.99992875 340.08719624525,442.097458467708,2.99992875 343.888671835066,442.287858135979,2.99992875 347.505940659219,442.484652963551,2.99992875 350.92767586123,442.68491098291,2.99992875 354.142550584621,442.885700226545,2.99992875 357.139237972913,443.084088726941,2.99992875 359.906411169626,443.277144516587,2.99992875 362.432743318281,443.461935627969,2.99992875 366.717577045505,443.794995945891,2.99992875 369.903124302754,444.059813940606,2.99992875 372.6139,444.2909,2.99992875 370.309036117656,442.551318832813,2.99992875 367.632396564355,440.654678686133,2.99992875 364.14711451375,438.31616942,2.99992875 360.008811898926,435.717813976367,2.99992875 357.743409734021,434.378076107349,2.99992875 355.373110652969,433.041635297188,2.99992875 352.917367397405,431.731244413628,2.99992875 350.395632708965,430.469656324414,2.99992875 347.776324362703,429.272733258986,2.99992875 345.232,428.1839,2.99992875 340.854393924473,426.47663947877,2.99992875 337.251039384531,425.187663276406,2.99992875 334.142457908887,424.236673593652,2.99992875 331.24917102625,423.54337263125,2.99992875 328.291700265332,423.027462589941,2.99992875 324.990567154844,422.608645670469,2.99992875 321.066293223496,422.206624073574,2.99992875 316.2394,421.7411,2.99992875 312.992001902075,421.479901676028,2.99992875 309.529164971699,421.25100520127,2.99992875 306.220412141282,421.116544822527,2.99992875 302.978761088594,421.043895921406,2.99992875 299.831355805066,421.024123595813,2.99992875 296.805340282129,421.048292943652,2.99992875 293.927858511213,421.10746906283,2.99992875 291.22605448375,421.19271705125,2.99992875 286.458055624902,421.405689027442,2.99992875 282.718495637031,421.615729655469,2.99992875 279.1933,421.7411,2.99992875 280.7643365125,418.528371669043,2.99992875 283.349359009375,414.386164050488,2.99992875 285.00178620625,412.267428192969,2.99992875 286.84909803625,410.362486334902,2.99992875 288.8575,408.8555,2.99992875 291.357684104431,407.310555411846,2.99992875 294.185145067773,405.595717836934,2.99992875 296.568599391646,404.114619218245,2.99992875 298.811761902813,402.729587607969,2.99992875 303.017072468945,400.238341512207,2.99992875 307.08079873,398.10321174875,2.99992875 311.282662649805,396.305430516699,2.99992875 315.902386192188,394.826230015156,2.99992875 318.456358435542,394.200232600544,2.99992875 321.219691320977,393.646842443223,2.99992875 323.821135761609,393.210368893503,2.99992875 327.5143,392.7485,2.99992875 330.633129293875,392.411871677802,2.99992875 334.209763108274,392.047751712903,2.99992875 337.928348022305,391.690999692833,2.99992875 341.565363510859,391.365949677793,2.99992875 344.700742430187,391.118498438446,2.99992875 347.608271215322,390.91881743093,2.99992875 350.43163875528,390.751276607857,2.99992875 353.141070544375,390.619177250469,2.99992875 355.750157925599,390.521087807851,2.99992875 358.272492241943,390.455576729089,2.99992875 363.111267051953,390.416563459473,2.99992875 367.76612571833,390.490685034299,2.99992875 372.345798985,390.66648904625,2.99992875 376.959017595889,390.932523088005,2.99992875 381.714512294922,391.277334752246,2.99992875 384.17959153497,391.475703315511,2.99992875 386.721013826025,391.689471631653,2.99992875 389.35237051108,391.917208149756,2.99992875 392.087252933125,392.157481318906,2.99992875 394.93925243515,392.408859588188,2.99992875 397.921960360146,392.669911406687,2.99992875 400.991895796976,392.935999415347,2.99992875 404.333866851016,393.215309487676,2.99992875 408.303898390032,393.525644921604,2.99992875 412.344859215724,393.833516084807,2.99992875 416.085629051004,394.115143035145,2.99992875 419.3242,394.3592,2.99992875 423.317601274434,394.676846713262,2.99992875 426.544799479844,395.041464836094,2.99992875 429.249847754394,395.499240561816,2.99992875 431.666160594209,396.154338205478,2.99992875 434.069707063574,396.879009595215,2.99992875 436.672624374531,397.893375289531,2.99992875 439.729604307285,399.18564336002,2.99992875 443.4847,400.802,2.99992875 445.970126112378,401.852097182345,2.99992875 448.723015197483,403.007275119277,2.99992875 451.702277764003,404.253761005994,2.99992875 454.617814672012,405.464277795957,2.99992875 457.083090855132,406.469560713748,2.99992875 459.346324601399,407.381800141199,2.99992875 463.624784581094,409.094454895156,2.99992875 467.534680852136,410.655399640735,2.99992875 471.157499655566,412.11779196084,2.99992875 474.574727232424,413.534789438376,2.99992875 477.86784982375,414.95954965625,2.99992875 481.118353670584,416.445230197366,2.99992875 484.407725013965,418.044988644629,2.99992875 487.817450094934,419.811982580945,2.99992875 491.429015154531,421.799369589219,2.99992875 495.323906433796,424.060307252356,2.99992875 499.58361017377,426.647953153262,2.99992875 501.966441781792,428.134940388762,2.99992875 504.45087593095,429.711530565909,2.99992875 506.9758358682,431.341535939408,2.99992875 509.5234,433.016,2.99992875 512.067697273568,434.722373242696,2.99992875 514.571499313582,436.435246909403,2.99992875 517.010815793485,438.138136579559,2.99992875 519.320061514199,439.791719735586,2.99992875 521.39961579162,441.336330473871,2.99992875 523.32759475427,442.816514531958,2.99992875 526.863554436719,445.657573916563,2.99992875 530.019659151843,448.358628866284,2.99992875 532.887627489941,450.963410358008,2.99992875 535.559178041311,453.515649368618,2.99992875 538.12602939625,456.059076875,2.99992875 540.679900145056,458.637423854038,2.99992875 543.312508878027,461.294421282617,2.99992875 546.115574185461,464.073800137622,2.99992875 549.180814657656,467.019291395938,2.99992875 552.59994888491,470.174626034448,2.99992875 554.434061500786,471.816944701433,2.99992875 556.464695457519,473.583535030039,2.99992875 558.92427587109,475.6460984931,2.99992875 561.456000411631,477.733042961522,2.99992875 563.808366898327,479.65687594585,2.99992875 565.8979,481.337,2.99992875 568.786537873926,483.536836490059,2.99992875 571.156259171406,485.187008392344,2.99992875 575.10673497625,487.48598818625,2.99992875 579.284893292969,489.529198887031,2.99992875 581.939217730293,490.85965942291,2.99992875 585.2263,492.6119,2.99992875 589.035019104531,494.906968812969,2.99992875 591.73644739375,496.67281697375,2.99992875 594.404201986094,498.018906647656,2.99992875 598.1119,499.0547,2.99992875 601.104608283906,499.630909049609,2.99992875 603.8554548625,500.092363274375,2.99992875 606.402990833594,500.414124508203,2.99992875 611.042335344531,500.538815338672,2.99992875 615.331050599219,499.805476212266,2.99992875 619.208428937148,498.144759258418,2.99992875 622.401064100195,495.575290712598,2.99992875 625.18368047793,492.204954442871,2.99992875 627.614051865977,488.272048480801,2.99992875 629.2115774725,484.997707414355,2.99992875 629.818957342187,482.424680228223,2.99992875 629.859048671875,479.809787425684,2.99992875 628.7152,476.5049,2.99992875 627.084627241599,474.293757839122,2.99992875 625.165154911211,472.032588854141,2.99992875 623.431184689829,470.104133764678,2.99992875 621.710109663437,468.327486835625,2.99992875 618.26322613457,465.069640973047,2.99992875 614.7376662025,461.939098295,2.99992875 611.046591745117,458.615905830078,2.99992875 609.111849656274,456.782080623975,2.99992875 607.103164640312,454.780110606875,2.99992875 605.009681931968,452.570001657353,2.99992875 602.820546765977,450.111759653984,2.99992875 600.767164077864,447.657970237292,2.99992875 598.1119,444.2909,2.99992875 596.042661497131,441.592371142823,2.99992875 593.717431004402,438.537123444973,2.99992875 591.328231328671,435.381330884079,2.99992875 589.014231007656,432.316302482305,2.99992875 587.035445217504,429.696766508171,2.99992875 585.221356849785,427.288639200239,2.99992875 583.482173599426,424.968239052689,2.99992875 581.8357362325,422.759087567188,2.99992875 580.272977247292,420.647905493532,2.99992875 578.78482914209,418.621413581519,2.99992875 575.996095564844,414.769383241602,2.99992875 573.396995487051,411.096762545806,2.99992875 570.914988895,407.4973174925,2.99992875 568.47753577498,403.864814080054,2.99992875 566.012096113281,400.093018306836,2.99992875 563.446129896191,396.075696171216,2.99992875 562.10278057509,393.941764591995,2.99992875 560.70709711,391.706613671563,2.99992875 559.250011999206,389.356964159714,2.99992875 557.722457740996,386.879536806245,2.99992875 556.135173173046,384.293517638362,2.99992875 554.419671775469,381.488231573633,2.99992875 552.448048010203,378.255607697402,2.99992875 550.409297769447,374.907019533553,2.99992875 548.408123028099,371.614954143517,2.99992875 546.5695,368.588,2.99992875 545.112835935762,366.191682743801,2.99992875 543.859539699967,364.127677932071,2.99992875 541.646684558066,360.467157954277,2.99992875 539.596438881228,357.049484210374,2.99992875 537.773354047656,353.965343101719,2.99992875 536.142219667737,351.143510465271,2.99992875 534.667825351855,348.512762137988,2.99992875 533.314960710398,346.001873956829,2.99992875 532.04841535375,343.53962175875,2.99992875 530.832978892297,341.05478138071,2.99992875 529.633440936426,338.476128659668,2.99992875 528.414591096521,335.732439432581,2.99992875 527.141218982969,332.752489536406,2.99992875 525.778114206155,329.465054808103,2.99992875 524.290066376465,325.798911084629,2.99992875 522.566681867383,321.484104515114,2.99992875 520.7983,317.0456,2.99992875 519.139878608242,312.928575475394,2.99992875 517.58716852709,309.102437983438,2.99992875 516.198664710061,305.73192302668,2.99992875 514.941092635469,302.67622316,2.99992875 513.804120150427,299.870916675195,2.99992875 512.777415102051,297.251581864062,2.99992875 511.850645337454,294.753797018398,2.99992875 511.01347870375,292.31314043,2.99992875 510.255583048054,289.865190390664,2.99992875 509.56662621748,287.345525192187,2.99992875 508.936276059143,284.689723126367,2.99992875 508.354200420156,281.833362485,2.99992875 507.810067147634,278.712021559883,2.99992875 507.293544088691,275.261278642812,2.99992875 506.808394976556,271.481635288309,2.99992875 506.302,267.1139,2.99992875 506.001208801659,264.427984015548,2.99992875 505.68679028403,261.571262247159,2.99992875 505.373860003701,258.671067759257,2.99992875 505.071376753164,255.837080687363,2.99992875 504.795942989302,253.263877044592,2.99992875 504.539743275522,250.824102262585,2.99992875 504.078202145313,246.157351588906,2.99992875 503.69748355022,241.783783863879,2.99992875 503.40831767793,237.650354285059,2.99992875 503.221434716128,233.704018049998,2.99992875 503.1475648525,229.89173035625,2.99992875 503.197438274731,226.16044640137,2.99992875 503.381785170508,222.45712138291,2.99992875 503.711335727515,218.728710498425,2.99992875 504.196820133438,214.922168945469,2.99992875 504.848968575962,210.984451921594,2.99992875 505.678511242773,206.862514624355,2.99992875 506.786513817607,202.154228653606,2.99992875 507.9127,197.8538,2.99992875 508.738267273604,195.149872648386,2.99992875 509.539859969805,193.057004216035,2.99992875 511.582252107813,188.936760945781,2.99992875 514.060008905664,185.293562972949,2.99992875 516.993262855,181.92790308125,2.99992875 520.402146447461,178.640274054394,2.99992875 522.291240763501,176.963375110193,2.99992875 524.306792174688,175.231168676094,2.99992875 526.451317242476,173.418716350061,2.99992875 528.72733252832,171.501079730059,2.99992875 531.260460953074,169.331929277129,2.99992875 533.6839,167.2505,2.99992875 537.226925331016,164.222180460371,2.99992875 540.319168583125,161.762857683594,2.99992875 543.140074319922,159.761787865332,2.99992875 545.869087105,158.10822720125,2.99992875 548.685651501953,156.691431887012,2.99992875 551.769212074375,155.400658118281,2.99992875 555.299213385859,154.125162090723,2.99992875 559.4551,152.7542,2.99992875 562.131725711348,151.975102207871,2.99992875 566.651960844824,151.21282144502,2.99992875 570.874395165332,151.340938158887,2.99992875 575.774493760059,152.154465607285,2.99992875 578.7835,152.7542,2.99992875 582.308142588086,153.445551449141,2.99992875 585.356449593437,154.05677309,2.99992875 588.036980937695,154.672977833984,2.99992875 590.4582965425,155.3792785925,2.99992875 594.957520220313,157.40261979875,2.99992875 597.252548136601,158.889886069297,2.99992875 599.7226,160.8077,2.99992875 603.066509149902,163.676529095234,2.99992875 606.019684501094,166.42109016875,2.99992875 608.616179145801,169.125122003516,2.99992875 610.89004617625,171.8723633825,2.99992875 612.875338684668,174.746553088672,2.99992875 614.606109763281,177.831429905,2.99992875 616.116412504316,181.210732614453,2.99992875 617.4403,184.9682,2.99992875 618.397081910957,188.491942546543,2.99992875 619.020122377656,191.898198999219,2.99992875 619.31084649209,195.231283112598,2.99992875 619.27067934625,198.53550864125,2.99992875 618.901046032129,201.855189339746,2.99992875 618.203371641719,205.234638962656,2.99992875 617.179081267012,208.718171264551,2.99992875 615.8296,212.3501,2.99992875 614.024601133164,216.512023593242,2.99992875 612.057496636562,220.462244580312,2.99992875 609.922046306055,224.143491250977,2.99992875 607.6120099375,227.498491895,2.99992875 605.121147326758,230.469974802148,2.99992875 602.443218269687,233.000668262188,2.99992875 599.571982562148,235.033300564883,2.99992875 596.5012,236.5106,2.99992875 593.799767935703,237.438734769929,2.99992875 590.738581622148,238.346304723125,2.99992875 587.785904817212,239.066311846543,2.99992875 584.789765065937,239.659085624375,2.99992875 581.753248966577,240.128123666504,2.99992875 578.679443117383,240.476923582813,2.99992875 575.571434116606,240.708982983184,2.99992875 572.4323085625,240.8277994775,2.99992875 569.265153053315,240.836870675645,2.99992875 566.073054187305,240.7396941875,2.99992875 562.85909856272,240.539767622949,2.99992875 559.626372777812,240.240588591875,2.99992875 556.377963430835,239.84565470416,2.99992875 553.116957120039,239.358463569688,2.99992875 549.612711279062,238.739107933152,2.99992875 546.5695,238.1213,2.99992875 543.748360837539,237.251556604883,2.99992875 540.938497833438,235.895458569687,2.99992875 538.220905288867,234.132807270898,2.99992875 535.676577505,232.043404085,2.99992875 533.386508783008,229.707050388477,2.99992875 531.431693424062,227.203547557813,2.99992875 529.893125729336,224.612696969492,2.99992875 528.8518,222.0143,2.99992875 528.208017838428,219.596542937198,2.99992875 527.609336849805,216.878546872168,2.99992875 527.205302743032,214.368376270442,2.99992875 526.928820504062,211.878237884844,2.99992875 526.706772296289,206.902742486035,2.99992875 526.735336660864,204.389727834827,2.99992875 526.83971356,201.84143012375,2.99992875 527.006968160386,199.244020533806,2.99992875 527.224165628711,196.583670245996,2.99992875 527.478371131665,193.846550441321,2.99992875 527.756649835938,191.018832300781,2.99992875 528.046066908218,188.086687005378,2.99992875 528.333687515195,185.036285736113,2.99992875 528.561242087313,181.560390633546,2.99992875 528.8518,178.5254,2.99992875 529.932864403809,176.0700891875,2.99992875 532.0732,173.6933,2.99992875)"
        color="rgba(0,0,0,1)"/>
      <vertex
        id="0"
        position="100.406 524.826"
        color="rgba(0,0,0,1)"/>
      <vertex
        id="1"
        position="532.073 173.693"
        color="rgba(0,0,0,1)"/>
      <edge
        id="5"
        startvertex="3"
        endvertex="4"
        curve="xywdense(5 620.6617,205.9073,2.99992875 620.321518272461,210.740938344336,2.99992875 620.2584209875,213.9898328675,2.99992875 620.346402329102,217.738442032227,2.99992875 620.661020485937,221.795290100938,2.99992875 621.27783364668,225.968901336055,2.99992875 622.2724,230.0678,2.99992875 623.513111592593,233.950912268702,2.99992875 625.015373653164,238.331268901543,2.99992875 626.529527996304,242.410637474075,2.99992875 628.102343750312,246.408122478594,2.99992875 629.706483215063,250.28849417821,2.99992875 631.31460869043,254.016522836035,2.99992875 632.899382476284,257.556978715178,2.99992875 634.4334668725,260.87463207875,2.99992875 635.88952417895,263.934253189861,2.99992875 637.240216695508,266.700612311621,2.99992875 638.458206722046,269.138479707141,2.99992875 639.516156558438,271.212625639531,2.99992875 641.042584860273,274.128834167363,2.99992875 639.457131324414,271.836875075,2.99992875 637.9074649,269.704469345,2.99992875 636.014115363086,267.348911196875,2.99992875 633.821405905937,264.94297840625,2.99992875 631.37365972082,262.65944874875,2.99992875 628.7152,260.6711,2.99992875 625.103617244724,258.400358183706,2.99992875 622.986710405183,257.108711737834,2.99992875 620.817281036406,255.811845863047,2.99992875 616.785518047246,253.499348615439,2.99992875 612.76079369125,251.281333079375,2.99992875 608.789788696973,249.170095628076,2.99992875 604.919183792969,247.177932634766,2.99992875 601.195659707793,245.317140472666,2.99992875 597.66589717,243.600015515,2.99992875 594.376576908144,242.03885413499,2.99992875 591.374379650781,240.645952705859,2.99992875 588.705986126465,239.43360760083,2.99992875 586.41807706375,238.414115193125,2.99992875 583.170435237344,237.002873962578,2.99992875 582.0049,236.5106,2.99992875)"
        color="rgba(0,0,0,1)"/>
      <vertex
        id="3"
        position="620.662 205.907"
        color="rgba(0,0,0,1)"/>
      <vertex
        id="4"
        position="582.005 236.511"
        color="rgba(0,0,0,1)"/>
      <edge
        id="8"
        startvertex="6"
        endvertex="7"
        curve="xywdense(5 561.0658,242.9534,2.99992875 560.425782692383,246.639339092773,2.99992875 560.169775769336,249.29720172207,2.99992875 559.999104487305,251.865022446289,2.99992875 560.041772307812,254.830626298438,2.99992875 560.368892265039,257.819069373242,2.99992875 561.0658,260.6711,2.99992875 562.316009590846,264.416582810183,2.99992875 563.772592989824,268.611645887422,2.99992875 564.97918908343,271.991015761807,2.99992875 566.120491189844,275.060318650625,2.99992875 567.220929019324,277.882455849365,2.99992875 568.304932282129,280.520328653516,2.99992875 569.396930688518,283.036838358564,2.99992875 570.52135394875,285.49488626,2.99992875 571.702631773084,287.957373653311,2.99992875 572.965193871777,290.487201833984,2.99992875 574.33346995509,293.14727209751,2.99992875 575.831889733281,296.000485739375,2.99992875 577.484882916609,299.109744055068,2.99992875 579.316879215332,302.537948340078,2.99992875 581.367193865994,306.37897822031,2.99992875 583.6156,310.6028,2.99992875 584.874863245691,312.98258569017,2.99992875 586.167769682873,315.430860784377,2.99992875 587.453765638014,317.867478759298,2.99992875 588.685321348809,320.202597796367,2.99992875 590.801969076917,324.218667077935,2.99992875 592.707097997969,327.816859277188,2.99992875 594.451175479822,331.075681390698,2.99992875 596.084668890332,334.073640415039,2.99992875 597.658045597356,336.889243346782,2.99992875 599.22177296875,339.6009971825,2.99992875 600.826318372371,342.287408918765,2.99992875 602.522149176074,345.026985552148,2.99992875 604.359732747717,347.898234079224,2.99992875 606.389536455156,350.979661496562,2.99992875 608.662027666247,354.349774800737,2.99992875 611.227673748848,358.08708098832,2.99992875 613.861876842809,361.905759555082,2.99992875 615.444327783278,364.16237724345,2.99992875 617.4403,366.9773,2.99992875 620.232042818347,370.88400612112,2.99992875 621.778012480994,373.036252377963,2.99992875 623.382673303988,375.262419112223,2.99992875 625.010957985249,377.513409552872,2.99992875 626.643945405107,379.760489052674,2.99992875 628.268449430648,381.984038828846,2.99992875 629.832197799531,384.107614517012,2.99992875 632.607424647395,387.805891753412,2.99992875 635.190413449961,391.185177820325,2.99992875 637.696802957031,394.420124624275,2.99992875 640.102033583125,397.478443869219,2.99992875 642.416595326582,400.379582309753,2.99992875 644.650978185742,403.142986700476,2.99992875 646.815672158945,405.788103795985,2.99992875 648.921167244531,408.334380350879,2.99992875 650.97795344084,410.801263119754,2.99992875 652.996520746211,413.20819885721,2.99992875 654.987359158984,415.574634317842,2.99992875 656.9609586775,417.92001625625,2.99992875 658.927809300098,420.263791427031,2.99992875 660.898401025117,422.625406584783,2.99992875 662.883223850899,425.024308484103,2.99992875 664.892767775781,427.47994387959,2.99992875 666.937522798106,430.011759525841,2.99992875 669.027978916211,432.639202177454,2.99992875 671.174626128437,435.381718589026,2.99992875 673.387954433125,438.258755515156,2.99992875 675.678453828613,441.289759710442,2.99992875 678.056614313242,444.49417792948,2.99992875 680.491838456078,447.827918553768,2.99992875 683.117878543281,451.501043457207,2.99992875 684.623859049661,453.653624947086,2.99992875 686.191749148829,455.914229633003,2.99992875 687.759644976358,458.187744304778,2.99992875 689.31306597833,460.45154010474,2.99992875 690.832011654436,462.673813066496,2.99992875 692.271137979425,464.78697530603,2.99992875 694.7539,468.4514,2.99992875 697.146607590889,472.033812588971,2.99992875 698.448996803125,474.088593923867,2.99992875 699.994026487832,476.545549962603,2.99992875 701.362471230625,478.817900434062,2.99992875 703.644888498437,482.978249819727,2.99992875 705.4468138225,486.90857237,2.99992875 706.91881241875,490.947798374023,2.99992875 708.211449503125,495.434858120938,2.99992875 708.83755910834,497.952241363335,2.99992875 709.475290291562,500.708681899883,2.99992875 710.163790141065,503.804067629265,2.99992875 710.8609,507.1082,2.99992875 711.562251159209,510.61748521636,2.99992875 712.193620863906,514.051996909766,2.99992875 712.664129298965,517.071431960322,2.99992875 713.01937893625,519.85332682625,2.99992875 713.270851675879,522.44575807124,2.99992875 713.430029417969,524.896802258984,2.99992875 713.51742751,529.5670357175,2.99992875 713.373428413281,534.248639711328,2.99992875 713.243359669434,536.713897068213,2.99992875 713.08988732875,539.32622675,2.99992875 712.924493291348,542.133705320381,2.99992875 712.758659457344,545.184409343047,2.99992875 712.625114947945,548.859184939949,2.99992875 712.4716,552.2078,2.99992875 711.980608620215,555.456698298242,2.99992875 710.662393808594,558.025029287188,2.99992875 709.2502,560.2613,2.99992875 707.618447962246,562.98228997725,2.99992875 705.833359172031,566.018931185059,2.99992875 704.435641844277,568.5067172251,2.99992875 703.19447134375,570.780411742344,2.99992875 701.030005133594,574.825310745019,2.99992875 699.03642916,578.43319726625,2.99992875 696.910212041406,581.883640379199,2.99992875 694.34782239625,585.456209157031,2.99992875 692.808209319473,587.375656005642,2.99992875 691.045728842969,589.43047267291,2.99992875 689.050034087115,591.616805157983,2.99992875 686.7004,594.086,2.99992875 683.681006652259,597.181748333501,2.99992875 680.566791796621,600.323162371426,2.99992875 677.912078644221,602.96555602825,2.99992875 675.462890890469,605.344015333906,2.99992875 673.167327109705,607.498683289465,2.99992875 670.973485876269,609.469702895996,2.99992875 668.829465764504,611.297217154568,2.99992875 666.68336534875,613.02136906625,2.99992875 664.483283203347,614.682301632112,2.99992875 662.177317902637,616.320157853223,2.99992875 659.713568020959,617.975080730652,2.99992875 657.040132132656,619.687213265469,2.99992875 654.105108812068,621.496698458743,2.99992875 650.856596633535,623.443679311543,2.99992875 647.102554541531,625.643008623788,2.99992875 643.2115,627.9107,2.99992875 639.472616970149,630.113633686056,2.99992875 635.931864904668,632.214062557813,2.99992875 632.776437186887,634.115940310801,2.99992875 629.871815986094,635.861044731875,2.99992875 627.163911275085,637.456697585059,2.99992875 624.59863302666,638.910220634375,2.99992875 622.121891213616,640.228935643848,2.99992875 619.67959580875,641.4201643775,2.99992875 617.217656784861,642.491228599356,2.99992875 614.681984114746,643.449450073438,2.99992875 612.018487771204,644.30215056377,2.99992875 609.173077727031,645.056651834375,2.99992875 606.091663955027,645.720275649277,2.99992875 602.720156427988,646.3003437725,2.99992875 599.950771502463,646.712847915888,2.99992875 597.973353507171,646.936195303526,2.99992875 594.8905,647.2391,2.99992875 592.442513825228,647.467155604063,2.99992875 589.590745076697,647.727427509178,2.99992875 586.518388600055,648.002707050054,2.99992875 583.277630979451,648.288062614074,2.99992875 579.967090612061,648.574084083073,2.99992875 576.630666904451,648.856998308401,2.99992875 573.300026819292,649.133987541008,2.99992875 570.110486085449,649.392775463926,2.99992875 567.261417258784,649.615401076627,2.99992875 564.592316820981,649.816100680742,2.99992875 562.015781081294,650.002570500903,2.99992875 559.511883112883,650.176469767586,2.99992875 554.574816018623,650.499230556572,2.99992875 549.846622669844,650.777533577656,2.99992875 545.302841179643,651.012578686333,2.99992875 540.919009661121,651.205565738098,2.99992875 536.670666227374,651.357694588446,2.99992875 532.533348991504,651.470165092871,2.99992875 528.482596066607,651.544177106869,2.99992875 524.493945565784,651.580930485935,2.99992875 520.542935602132,651.581625085564,2.99992875 516.60510428875,651.54746076125,2.99992875 512.655989738738,651.479637368489,2.99992875 508.671130065193,651.379354762776,2.99992875 504.626063381215,651.247812799606,2.99992875 500.496327799902,651.086211334473,2.99992875 496.257461434354,650.895750222873,2.99992875 491.885002397668,650.6776293203,2.99992875 487.354488802945,650.433048482251,2.99992875 482.641458763281,650.163207564219,2.99992875 477.721450391777,649.8693064217,2.99992875 475.170454748753,649.713426265037,2.99992875 472.570001801531,649.552544910188,2.99992875 469.951415273293,649.388504075469,2.99992875 467.254334996433,649.218634182186,2.99992875 464.458512505565,649.042239344088,2.99992875 461.474936417207,648.855240202168,2.99992875 458.140102186611,648.649891968601,2.99992875 454.657240832196,648.436495043588,2.99992875 451.164159788691,648.222257704096,2.99992875 447.693625262423,648.008711532009,2.99992875 444.29130642921,647.797641884904,2.99992875 441.056301815305,647.595495712663,2.99992875 438.041413633448,647.405552694284,2.99992875 435.4312,647.2391,2.99992875 432.031272940143,647.013806773411,2.99992875 429.747661899725,646.847132183303,2.99992875 426.415764792812,646.546469743145,2.99992875 422.613758406367,646.129918224461,2.99992875 419.1851563225,645.660772553281,2.99992875 416.05715615957,645.134705310364,2.99992875 413.156955535938,644.547389076465,2.99992875 410.411752069961,643.894496432341,2.99992875 407.74874338,643.17169995875,2.99992875 405.095127084414,642.374672236448,2.99992875 402.378100801562,641.499085846191,2.99992875 399.524862149805,640.540613368738,2.99992875 396.4626087475,639.494927384844,2.99992875 393.118538213008,638.357700475266,2.99992875 389.419848164687,637.124605220762,2.99992875 384.812196555336,635.655342926973,2.99992875 380.6674,634.3535,2.99992875 377.327479849316,633.322532770449,2.99992875 374.622752456406,632.430437452344,2.99992875 370.37641622875,630.68394285875,2.99992875 366.443471886719,628.356176835781,2.99992875 364.13048435084,626.737492230957,2.99992875 361.339,624.6893,2.99992875 358.81470622149,622.744808005087,2.99992875 356.141678808437,620.615912684844,2.99992875 354.024755932187,618.796834349551,2.99992875 352.16032538125,617.09249385125,2.99992875 348.982942792188,613.937009232031,2.99992875 346.197534115,610.96742456,2.99992875 343.392102423438,608.001705567969,2.99992875 340.15465079125,604.85781798875,2.99992875 338.245168457969,603.162175270449,2.99992875 336.073182292187,601.353727555156,2.99992875 333.570596589227,599.411299407251,2.99992875 330.7357,597.3074,2.99992875 327.373717565265,594.892632346851,2.99992875 323.995744410801,592.511539491641,2.99992875 321.131910097839,590.513492409893,2.99992875 318.530336360781,588.73461032,2.99992875 316.134646890735,587.139325379639,2.99992875 313.888465378809,585.692069746484,2.99992875 309.61912099375,583.0993750325,2.99992875 305.271292734473,580.671983439453,2.99992875 302.927006379773,579.431356707471,2.99992875 300.393970129844,578.12535222875,2.99992875 297.615807675793,576.718402160967,2.99992875 294.53614270873,575.174938661797,2.99992875 290.69010312287,573.252384746932,2.99992875 287.2468,571.5362,2.99992875 284.610864282812,570.236739776504,2.99992875 280.512136126562,568.449634779981,2.99992875 276.894805932812,567.457327181738,2.99992875 272.459522011563,566.914669138965,2.99992875 269.5291,566.7041,2.99992875 264.889367698094,566.454196375526,2.99992875 262.155548588493,566.321682856922,2.99992875 259.375178304824,566.202582758633,2.99992875 256.831591686027,566.120662077621,2.99992875 254.363036610383,566.059986496675,2.99992875 249.449099562344,565.978333680313,2.99992875 244.674611068933,565.94925071438,2.99992875 240.080815038379,565.964364003711,2.99992875 235.708955378909,566.01529995314,2.99992875 231.60027599875,566.0936849675,2.99992875 227.79602080613,566.191145451626,2.99992875 224.337433709277,566.299307810352,2.99992875 221.265758616418,566.409798448511,2.99992875 218.622239435781,566.514243770938,2.99992875 214.784644444082,566.67150408793,2.99992875 214.52431914625,563.9179514075,2.99992875 216.076850225781,561.760453991563,2.99992875 218.583659232264,560.410112608883,2.99992875 221.755864209513,558.944143665232,2.99992875 225.194989344544,557.368124224106,2.99992875 228.631563055176,555.861625761523,2.99992875 231.548882565643,554.665585614611,2.99992875 234.290165643708,553.60148326354,2.99992875 237.029934604543,552.57530260694,2.99992875 239.757573030156,551.574467726562,2.99992875 242.538590588573,550.542618377259,2.99992875 245.319131336926,549.517091438355,2.99992875 248.067720384393,548.517655578336,2.99992875 250.782724242871,547.54065518457,2.99992875 253.455049073578,546.588290714707,2.99992875 256.075601037732,545.662762626392,2.99992875 258.63528629655,544.766271377274,2.99992875 261.12501101125,543.901017425,2.99992875 263.53568134305,543.069201227219,2.99992875 265.858203453167,542.273023241577,2.99992875 270.202427653223,540.796383737305,2.99992875 274.08493290116,539.488702573364,2.99992875 277.432968486719,538.367583410938,2.99992875 280.382001908704,537.565428149448,2.99992875 282.234627829668,536.755445735352,2.99992875 280.693908655,534.264028188125,2.99992875 276.857262780859,532.339066776172,2.99992875 274.49906632501,531.222898392764,2.99992875 271.8868023925,530.041588205,2.99992875 269.049857135225,528.82312369833,2.99992875 266.017616705078,527.595492358203,2.99992875 262.819467253955,526.386681670068,2.99992875 259.48479493375,525.224679119375,2.99992875 256.042985896357,524.137472191572,2.99992875 252.523426293672,523.153048372109,2.99992875 249.352905380986,522.37017744838,2.99992875 245.3686,521.6045,2.99992875 242.39093569735,521.126758458726,2.99992875 239.020825794678,520.625358871503,2.99992875 235.48263728251,520.133169512702,2.99992875 231.896955613516,519.670417055527,2.99992875 228.502596162256,519.277116981564,2.99992875 225.169236153584,518.926771140042,2.99992875 221.835766215424,518.605352686257,2.99992875 218.533361513125,518.315463183594,2.99992875 215.270126077682,518.055547093417,2.99992875 212.054163940088,517.824048877087,2.99992875 208.893579131337,517.61941299597,2.99992875 205.796475682422,517.440083911426,2.99992875 202.770957624337,517.284506084819,2.99992875 199.825128988076,517.151123977512,2.99992875 196.967093804633,517.038382050868,2.99992875 194.204956105,516.94472476625,2.99992875 191.546819920172,516.86859658502,2.99992875 189.000789281143,516.808441968543,2.99992875 184.277460764453,516.729831275293,2.99992875 180.099802802881,516.696448377405,2.99992875 176.532647644375,516.695848965781,2.99992875 173.389949843945,516.825921681326,2.99992875 171.489174728359,516.743223364941,2.99992875 173.679743087031,515.0070728,2.99992875 177.806972139355,513.201666853906,2.99992875 180.135860343621,512.183672051152,2.99992875 182.54072978125,511.132775555,2.99992875 184.945929538215,510.081947010254,2.99992875 187.275808700488,509.064156061719,2.99992875 191.407001584844,507.2595655325,2.99992875 194.32910112209,505.982761125781,2.99992875 192.197102156758,505.587298333892,2.99992875 189.157326513379,505.343759943359,2.99992875 184.81721262625,505.2823507475,2.99992875 182.339554177048,505.260532211592,2.99992875 179.69051591084,505.247835208203,2.99992875 176.895363717688,505.246657855713,2.99992875 173.979363487656,505.2593982725,2.99992875 170.967781110808,505.288454576943,2.99992875 167.885882477207,505.336224887422,2.99992875 164.644385750499,505.420212904194,2.99992875 161.6122,505.4975,2.99992875 157.193206799219,505.520719247188,2.99992875 154.03709803375,505.513043255,2.99992875 151.044465251406,505.900270635312,2.99992875 147.1159,507.1082,2.99992875 144.720480482448,507.989936464407,2.99992875 142.08148027186,509.007466342695,2.99992875 139.165031638246,510.137288239912,2.99992875 136.204269476172,511.301743018438,2.99992875 133.472602688285,512.39631984251,2.99992875 130.815341520361,513.478072411602,2.99992875 128.158064716339,514.573761074829,2.99992875 125.533375684375,515.6697550475,2.99992875 122.947121666571,516.762521328374,2.99992875 120.405149905029,517.848526916211,2.99992875 117.913307641852,518.924238809771,2.99992875 115.477442119141,519.986124007813,2.99992875 113.103400578998,521.030649509097,2.99992875 110.797030263525,522.054282312383,2.99992875 106.410692275,524.02473782,2.99992875 102.365206090381,525.869226520742,2.99992875 98.7073496464844,527.559484404688,2.99992875 95.483900880127,529.067247461914,2.99992875 92.741637728125,530.3642516825,2.99992875 88.8877800144531,532.212927574063,2.99992875 87.52,532.8794,2.99992875)"
        color="rgba(0,0,0,1)"/>
      <vertex
        id="6"
        position="561.066 242.953"
        color="rgba(0,0,0,1)"/>
      <vertex
        id="7"
        position="87.52 532.879"
        color="rgba(0,0,0,1)"/>
      <edge
        id="11"
        startvertex="9"
        endvertex="10"
        curve="xywdense(5 614.2189,574.7576,2.99992875 609.763411231445,575.293481777539,2.99992875 606.7547148625,575.5197429725,2.99992875 603.269679135742,575.650736295898,2.99992875 599.479560470313,575.615010844062,2.99992875 595.555615285352,575.34111571332,2.99992875 591.6691,574.7576,2.99992875 587.385386409238,573.931543067305,2.99992875 583.774623907656,573.243627568437,2.99992875 580.652096035059,572.570215919727,2.99992875 577.83308633125,571.7876705375,2.99992875 575.132878336035,570.772353838086,2.99992875 572.366755589219,569.400628237812,2.99992875 569.350001630605,567.548856153008,2.99992875 565.8979,565.0934,2.99992875 562.536081814343,562.550101026918,2.99992875 560.598684759875,561.069154135003,2.99992875 558.545409416329,559.493516647882,2.99992875 556.413700819267,557.855875485949,2.99992875 554.256564918057,556.192692913157,2.99992875 552.107628545368,554.527562518945,2.99992875 550.062474086875,552.931777247246,2.99992875 546.603884902178,550.185714492629,2.99992875 543.468012839922,547.651158445647,2.99992875 540.439610720459,545.170692473793,2.99992875 537.56681449,542.781472706094,2.99992875 534.831914313291,540.472012081192,2.99992875 532.217200355078,538.230823537732,2.99992875 529.704962780108,536.046420014356,2.99992875 527.277491753125,533.907314449707,2.99992875 524.917077438877,531.802019782429,2.99992875 522.606010002109,529.719048951165,2.99992875 520.326579607568,527.646914894557,2.99992875 518.06107642,525.57413055125,2.99992875 515.79179060415,523.489208859886,2.99992875 513.501012324766,521.380662759109,2.99992875 511.171031746592,519.237005187561,2.99992875 508.784139034375,517.046749083887,2.99992875 506.322624352861,514.798407386728,2.99992875 503.768777866797,512.480493034729,2.99992875 501.104889740928,510.081518966532,2.99992875 498.31325014,507.589998120781,2.99992875 495.37614922876,504.994443436119,2.99992875 492.275877171953,502.283367851189,2.99992875 489.055348040204,499.493218860504,2.99992875 485.514980280625,496.468705735098,2.99992875 483.445028862486,494.727161067075,2.99992875 481.273320622699,492.910734078395,2.99992875 479.09070188087,491.091730774009,2.99992875 476.918898289946,489.287162387737,2.99992875 474.788418908766,487.520503630924,2.99992875 472.763759839271,485.84467007595,2.99992875 469.2559,482.9477,2.99992875 465.838046900561,480.130334539334,2.99992875 463.922299746484,478.563055291309,2.99992875 461.688997031553,476.70968269135,2.99992875 459.68006702875,475.042739257344,2.99992875 456.141448472266,472.14952787627,2.99992875 452.9186907025,469.64619712625,2.99992875 449.624040344922,467.295522985449,2.99992875 445.869744025,464.860281432031,2.99992875 443.699055699619,463.536815368767,2.99992875 441.268048368203,462.10324844416,2.99992875 438.447029005487,460.473615699874,2.99992875 435.4312,458.7872,2.99992875 432.373246785255,457.152869053016,2.99992875 429.271027201035,455.575903367422,2.99992875 426.162972545408,454.10164334208,2.99992875 423.080047877031,452.718777014375,2.99992875 420.055084814416,451.430155512061,2.99992875 417.120914976074,450.238629962891,2.99992875 414.310369980515,449.147051494619,2.99992875 411.65628144625,448.158271235,2.99992875 406.948800235645,446.500509852734,2.99992875 403.261124292344,445.288154838125,2.99992875 399.9958,444.2909,2.99992875)"
        color="rgba(0,0,0,1)"/>
      <vertex
        id="9"
        position="614.219 574.758"
        color="rgba(0,0,0,1)"/>
      <vertex
        id="10"
        position="399.996 444.291"
        color="rgba(0,0,0,1)"/>
      <edge
        id="14"
        startvertex="12"
        endvertex="13"
        curve="xywdense(5 535.2946,608.5823,2.99992875 532.232702084219,608.634753452188,2.99992875 528.76077500166,608.605148660352,2.99992875 524.31081389125,608.4537258725,2.99992875 521.793121682302,608.312505311929,2.99992875 519.119782294434,608.117037350586,2.99992875 516.320416170325,607.859391021216,2.99992875 513.424643752656,607.531635356563,2.99992875 510.462085484109,607.12583938937,2.99992875 507.462361807363,606.634072152383,2.99992875 504.610374004148,606.074483572384,2.99992875 501.4699,605.3609,2.99992875 497.37096386054,604.331565118163,2.99992875 493.199728447246,603.231376856738,2.99992875 489.736876141291,602.28499501075,2.99992875 486.628872449219,601.391377667656,2.99992875 483.805737096228,600.530908341809,2.99992875 481.19748980752,599.683970547559,2.99992875 478.734150308294,598.830947799255,2.99992875 476.34573832375,597.95222361125,2.99992875 473.962273579089,597.028181497893,2.99992875 471.513775799512,596.039204973535,2.99992875 468.930264710217,594.965677552527,2.99992875 466.141760036406,593.787982749219,2.99992875 463.078281503279,592.486504077961,2.99992875 459.669848836035,591.041625053105,2.99992875 456.520132988414,589.707689538151,2.99992875 454.458351938559,588.847709308575,2.99992875 451.5382,587.6432,2.99992875 446.913048045195,585.750374188817,2.99992875 444.279869378114,584.676212298235,2.99992875 441.521517042758,583.55303185306,2.99992875 438.714177208879,582.411688801043,2.99992875 435.894975741746,581.268057605142,2.99992875 433.090232857089,580.133198574763,2.99992875 430.408551673281,579.05241011832,2.99992875 425.766503979066,577.200000461898,2.99992875 421.512806576406,575.516856060151,2.99992875 417.408986862183,573.900482520798,2.99992875 413.506643539375,572.370356362813,2.99992875 409.784857484439,570.915461377357,2.99992875 406.222709573828,569.524781355591,2.99992875 402.799280683999,568.187300088676,2.99992875 399.493651691406,566.892001367773,2.99992875 396.284903472505,565.627868984044,2.99992875 393.15211690375,564.383886728648,2.99992875 390.074372861597,563.149038392746,2.99992875 387.0307522225,561.9123077675,2.99992875 384.000335862915,560.662678644071,2.99992875 380.962204659297,559.389134813618,2.99992875 377.895439488101,558.080660067304,2.99992875 374.779121225781,556.726238196289,2.99992875 371.592330748794,555.314852991734,2.99992875 368.314148933594,553.8354882448,2.99992875 364.923656656636,552.277127746647,2.99992875 361.399934794375,550.628755288438,2.99992875 357.722064223267,548.879354661331,2.99992875 353.869125819766,547.017909656489,2.99992875 349.890464282572,545.068910400167,2.99992875 345.554369021406,542.914821678242,2.99992875 343.043738029272,541.655345489021,2.99992875 340.418337979253,540.33158927131,2.99992875 337.783364358529,538.996713556374,2.99992875 335.164090255018,537.663260321475,2.99992875 332.59611077944,536.348813963466,2.99992875 330.153655350571,535.091407754833,2.99992875 325.9036,532.8794,2.99992875 321.59635766463,530.506597137705,2.99992875 319.096342317988,528.907074672148,2.99992875 316.330889372273,526.969628683599,2.99992875 313.903389206406,525.057896167813,2.99992875 311.748218457629,523.166803891675,2.99992875 309.799753763184,521.29127862207,2.99992875 307.99237176031,519.426247125884,2.99992875 306.26044908625,517.56663617,2.99992875 304.538362378245,515.707372521304,2.99992875 302.760488273535,513.84338294668,2.99992875 300.861203409363,511.969594213013,2.99992875 298.774884422969,510.080933087188,2.99992875 296.435907951594,508.172326336089,2.99992875 293.77865063248,506.238700726602,2.99992875 290.580085962087,504.20200618424,2.99992875 287.2468,502.2761,2.99992875 284.1267153501,500.671445414042,2.99992875 281.172795875957,499.320174504394,2.99992875 278.482337373914,498.244735950085,2.99992875 275.970266649531,497.384643188281,2.99992875 271.323364746777,496.151484032715,2.99992875 266.91624259375,495.30267501875,2.99992875 262.433052616504,494.520194127441,2.99992875 257.557947241094,493.486019339844,2.99992875 254.874723912219,492.775164854016,2.99992875 251.975078893574,491.882128637012,2.99992875 248.555700780544,490.646838174578,2.99992875 245.3686,489.3905,2.99992875 241.643950312363,487.61822760002,2.99992875 238.095934642656,485.586537493906,2.99992875 234.823178794434,483.448220306152,2.99992875 231.92430857125,481.35606666125,2.99992875 229.49794977666,479.462867183691,2.99992875 226.0402,476.5049,2.99992875)"
        color="rgba(0,0,0,1)"/>
      <vertex
        id="12"
        position="535.295 608.582"
        color="rgba(0,0,0,1)"/>
      <vertex
        id="13"
        position="226.04 476.505"
        color="rgba(0,0,0,1)"/>
      <edge
        id="17"
        startvertex="15"
        endvertex="16"
        curve="xywdense(5 541.7374,579.5897,2.99992875 538.818292526758,579.960289981836,2.99992875 534.60717400293,580.207349969727,2.99992875 529.679832556914,579.993231313555,2.99992875 524.902137095313,579.027623584531,2.99992875 521.394787510937,577.889216058594,2.99992875 518.489638389063,576.472781578906,2.99992875 515.036408324687,574.467495312969,2.99992875 512.7448,573.1469,2.99992875 510.051699139888,571.568652813015,2.99992875 507.097634207266,569.798172277461,2.99992875 504.776442954736,568.316449001313,2.99992875 502.7183133025,566.939710175938,2.99992875 499.175640312109,564.43085805957,2.99992875 496.0384182625,562.1309602925,2.99992875 492.875450180078,559.899361238867,2.99992875 489.25553909125,557.595405262813,2.99992875 487.139480865186,556.372338542671,2.99992875 484.747488022422,555.078436728477,2.99992875 482.678451697598,553.998789021044,2.99992875 478.9201,552.2078,2.99992875 475.045308495032,550.417362983365,2.99992875 472.80567574274,549.389733874096,2.99992875 470.446668174121,548.311833079073,2.99992875 468.039317648114,547.216377309948,2.99992875 465.616878138527,546.119222576406,2.99992875 463.203095762335,545.031559065224,2.99992875 460.897525948984,544.000100956777,2.99992875 456.933436416116,542.257133676,2.99992875 453.307596891514,540.692045100159,2.99992875 449.802089250336,539.20048604966,2.99992875 446.4644547325,537.803342617344,2.99992875 443.275869736735,536.490192077943,2.99992875 440.217510661768,535.250611706189,2.99992875 437.270553906327,534.074178776814,2.99992875 434.416175869141,532.950470564551,2.99992875 431.635552948937,531.86906434413,2.99992875 428.909861544443,530.819537390286,2.99992875 426.220278054388,529.791466977748,2.99992875 423.5479788775,528.77443038125,2.99992875 420.874140412506,527.758004875524,2.99992875 418.179939058135,526.7317677353,2.99992875 415.446551213114,525.685296235313,2.99992875 412.655153276172,524.608167650293,2.99992875 409.786921646036,523.489959254973,2.99992875 406.823032721436,522.320248324084,2.99992875 403.744662901097,521.08861213236,2.99992875 400.53298858375,519.784627954531,2.99992875 397.169186168121,518.397873065331,2.99992875 393.634432052939,516.91792473949,2.99992875 389.967462735117,515.360963506241,2.99992875 385.976774318828,513.636756876816,2.99992875 383.688667791079,512.632195080206,2.99992875 381.29818261369,511.575262598952,2.99992875 378.891339882234,510.505444991195,2.99992875 376.488465000281,509.432090492374,2.99992875 374.118171700585,508.368547600401,2.99992875 371.841616091169,507.342301085999,2.99992875 367.7818,505.4975,2.99992875 365.061048358965,504.238114690992,2.99992875 362.989753224993,503.252740178563,2.99992875 359.478740281211,501.510236058828,2.99992875 355.446382324009,499.453552261514,2.99992875 351.532036612187,497.389024795625,2.99992875 347.764626378687,495.342296823096,2.99992875 344.173074856445,493.339011505859,2.99992875 340.786305278403,491.40481200585,2.99992875 337.6332408775,489.565341485,2.99992875 334.742804886675,487.846243105244,2.99992875 332.143920538867,486.273160028516,2.99992875 327.936499704062,483.667612431875,2.99992875 324.2929,481.337,2.99992875)"
        color="rgba(0,0,0,1)"/>
      <vertex
        id="15"
        position="541.737 579.59"
        color="rgba(0,0,0,1)"/>
      <vertex
        id="16"
        position="324.293 481.337"
        color="rgba(0,0,0,1)"/>
      <edge
        id="20"
        startvertex="18"
        endvertex="19"
        curve="xywdense(5 594.8905,193.0217,2.99992875 591.535399316406,192.352803344727,2.99992875 587.536962402344,191.655200366211,2.99992875 584.331291894531,191.306792114258,2.99992875 582.633263326856,195.105305609668,2.99992875 582.104208148926,199.046748281738,2.99992875 581.911731386465,202.075309111777,2.99992875 585.579922578613,203.097289138672,2.99992875 589.518703820605,203.130925084766,2.99992875 592.611059695879,202.909275147734,2.99992875 593.589474377441,198.808776794434,2.99992875 593.465604626465,194.79264420166,2.99992875 593.2798,191.411,2.99992875)"
        color="rgba(0,0,0,1)"/>
      <vertex
        id="18"
        position="594.89 193.022"
        color="rgba(0,0,0,1)"/>
      <vertex
        id="19"
        position="593.28 191.411"
        color="rgba(0,0,0,1)"/>
      <edge
        id="23"
        startvertex="21"
        endvertex="22"
        curve="xywdense(5 591.6691,191.411,2.99992875 588.4477,193.82705,2.99992875 586.19272,195.518285,2.99992875 585.2263,196.2431,2.99992875)"
        color="rgba(0,0,0,1)"/>
      <vertex
        id="21"
        position="591.669 191.411"
        color="rgba(0,0,0,1)"/>
      <vertex
        id="22"
        position="585.226 196.243"
        color="rgba(0,0,0,1)"/>
      <edge
        id="26"
        startvertex="24"
        endvertex="25"
        curve="xywdense(5 345.232,615.0251,2.99992875 342.980259921477,613.793034476702,2.99992875 339.979421731563,612.189477750313,2.99992875 337.137732970652,610.744976075974,2.99992875 333.98663684043,609.217548125586,2.99992875 330.315727356089,607.510061492905,2.99992875 326.2587996175,605.7185156675,2.99992875 321.863598453364,603.890627164986,2.99992875 319.554065595685,602.977965820942,2.99992875 317.177868692383,602.074112500977,2.99992875 314.740975847044,601.185031769542,2.99992875 312.249355163257,600.316688191089,2.99992875 309.708974744609,599.47504633007,2.99992875 307.125802694687,598.666070750938,2.99992875 304.505807117081,597.895726018143,2.99992875 301.854956115376,597.169976696138,2.99992875 299.12819875269,596.488856050341,2.99992875 296.484560254023,595.876122542305,2.99992875 291.87866458687,594.927125589592,2.99992875 289.162473471237,594.511088617006,2.99992875 285.6361,594.086,2.99992875 283.215507203456,593.838264025508,2.99992875 280.492714912728,593.579322546341,2.99992875 277.591856231043,593.320434739919,2.99992875 274.548745488013,593.064589891931,2.99992875 271.434411466724,592.81770429603,2.99992875 268.267343909979,592.582256105751,2.99992875 265.063655007278,592.359945304244,2.99992875 261.901506201602,592.159022696328,2.99992875 258.892461115959,591.991792668051,2.99992875 255.952425399753,591.847794458881,2.99992875 253.037047728275,591.721191478686,2.99992875 250.13866264687,591.610415602314,2.99992875 247.228204610017,591.511408766711,2.99992875 244.325522565598,591.425804195465,2.99992875 241.441293993982,591.354167995917,2.99992875 238.573967752187,591.29564345375,2.99992875 235.725049853072,591.249729560059,2.99992875 232.89604630949,591.215925305941,2.99992875 230.0884631343,591.193729682493,2.99992875 227.303806340356,591.182641680811,2.99992875 224.543581940516,591.182160291991,2.99992875 221.809295947636,591.19178450713,2.99992875 219.102454374572,591.211013317325,2.99992875 216.42456323418,591.239345713672,2.99992875 213.777128539316,591.276280687267,2.99992875 211.161656302838,591.321317229208,2.99992875 208.5796525376,591.37395433059,2.99992875 206.03262325646,591.43369098251,2.99992875 201.049512197897,591.57245890235,2.99992875 196.22437123,591.7336129175,2.99992875 191.569248455618,591.913144956732,2.99992875 187.096191977603,592.107046948818,2.99992875 182.817249898803,592.31131082253,2.99992875 178.74447032207,592.521928506641,2.99992875 174.889901350255,592.734891929921,2.99992875 171.265591086206,592.946193021143,2.99992875 167.883587632775,593.151823709078,2.99992875 164.755939092812,593.3477759225,2.99992875 161.894693569168,593.530041590179,2.99992875 159.311899164692,593.694612640889,2.99992875 155.029856124648,593.954638606484,2.99992875 150.3373,594.086,2.99992875 151.204713857324,591.395987861621,2.99992875 152.881034152832,587.598407125098,2.99992875 155.313298742559,583.272972314668,2.99992875 156.7801,581.2004,2.99992875 159.012351198379,578.37907711707,2.99992875 160.872181502031,576.147236458438,2.99992875 164.09434910125,572.73472187,2.99992875 167.686142149844,569.528296346562,2.99992875 170.008004265215,567.55406701918,2.99992875 172.8871,565.0934,2.99992875 176.113306952474,562.26185444145,2.99992875 179.65578550668,559.111647145508,2.99992875 182.501560750337,556.499903465952,2.99992875 185.065054055312,554.101686227188,2.99992875 187.403837722436,551.887573885962,2.99992875 189.575484052539,549.828144899024,2.99992875 191.63756534645,547.89397772312,2.99992875 193.647653905,546.055650815,2.99992875 195.663322029019,544.283742631411,2.99992875 197.742142019336,542.548831629102,2.99992875 199.941686176782,540.821496264819,2.99992875 202.319526802188,539.072314995313,2.99992875 204.933236196382,537.271866277329,2.99992875 207.840386660195,535.390728567617,2.99992875 211.371056671716,533.229974320999,2.99992875 214.7653,531.2687,2.99992875 219.194746392109,529.182952977266,2.99992875 221.558542232588,528.334542705928,2.99992875 223.973440361875,527.604025293125,2.99992875 228.811705064453,526.461421138672,2.99992875 233.419863655,525.684644705,2.99992875 237.508239288672,525.203200183203,2.99992875 240.787155120625,524.946591764375,2.99992875 243.7579,524.8259,2.99992875)"
        color="rgba(0,0,0,1)"/>
      <vertex
        id="24"
        position="345.232 615.025"
        color="rgba(0,0,0,1)"/>
      <vertex
        id="25"
        position="243.758 524.826"
        color="rgba(0,0,0,1)"/>
    </objects>
  </layer>
</vec>
