<?xml version="1.0" encoding="UTF-8"?>
<!-- Created with VPaint (http://www.vpaint.org) -->

<vec
  version="1.7">
  <playback
    framerange="0 47"
    fps="24"
    subframeinbetweening="off"
    playmode="normal"/>
  <canvas
    position="0 0"
    size="1280 720"/>
  <layer
    name="Layer 1"
    visible="true">
    <background
      color="rgba(255,255,255,1)"
      image=""
      position="0 0"
      size="cover"
      repeat="norepeat"
      opacity="1"
      hold="yes"/>
    <objects>
      <edge
        id="2"
        startvertex="0"
        endvertex="1"
        curve="xywdense(5 348.6175,267.7634,2.99992605 344.969549305962,269.179330612315,2.99992605 340.790580729928,270.69463317934,2.99992605 338.22346432385,271.579857324379,2.99992605 335.380256482565,272.521839966172,2.99992605 332.292704688699,273.499363546523,2.99992605 328.99255642488,274.491210507233,2.99992605 325.511559173734,275.476163290106,2.99992605 321.881460417885,276.433004336944,2.99992605 318.134007639961,277.34051608955,2.99992605 314.300948322589,278.177480989726,2.99992605 310.452284863072,278.924246388593,2.99992605 306.505,279.5549,2.99992605 302.282266965195,280.047582531449,2.99992605 298.135516676263,280.370482353102,2.99992605 294.412390672665,280.460127827768,2.99992605 290.947430320658,280.389639685013,2.99992605 287.703452029802,280.197990562713,2.99992605 284.643272209654,279.924153098744,2.99992605 281.729707269774,279.607099930981,2.99992605 278.925573619718,279.285803697302,2.99992605 276.193687669047,278.999237035582,2.99992605 273.496865827317,278.786372583697,2.99992605 270.797924504088,278.686182979524,2.99992605 268.059680108919,278.737640860939,2.99992605 265.244949051367,278.979718865818,2.99992605 262.316547740991,279.451389632037,2.99992605 259.12106607615,280.250922387607,2.99992605 255.97,281.2394,2.99992605 253.171802637685,282.305975995935,2.99992605 250.582192341597,283.464707625685,2.99992605 248.166203339992,284.687123676097,2.99992605 245.904341130429,285.989963064164,2.99992605 243.773243393143,287.378662174342,2.99992605 241.749547808365,288.858657391086,2.99992605 239.809892056331,290.435385098853,2.99992605 237.930913817273,292.114281682098,2.99992605 236.089250771426,293.900783525278,2.99992605 234.261540599022,295.800327012848,2.99992605 232.424420980296,297.818348529264,2.99992605 230.55452959548,299.960284458983,2.99992605 228.62850412481,302.23157118646,2.99992605 226.622982248517,304.637645096151,2.99992605 224.340894781558,307.35529052214,2.99992605 222.28,309.8759,2.99992605 220.117994136245,312.976973052132,2.99992605 218.318937174686,316.471597265377,2.99992605 216.859810859048,320.111031266018,2.99992605 215.717596933054,323.646533680335,2.99992605 214.869277140429,326.829363134611,2.99992605 214.291833224895,329.410778255126,2.99992605 213.8575,331.7744,2.99992605)"
        color="rgba(0,0,0,1)"/>
      <vertex
        id="0"
        position="348.618 267.763"
        color="rgba(0,0,0,1)"/>
      <vertex
        id="1"
        position="213.858 331.774"
        color="rgba(0,0,0,1)"/>
      <edge
        id="5"
        startvertex="3"
        endvertex="4"
        curve="xywdense(5 459.7945,269.4479,2.99992605 461.255989601085,272.481672144292,2.99992605 463.1635,274.5014,2.99992605 466.27724934708,276.034158510723,2.99992605 468.971695368536,277.292733340324,2.99992605 471.432793391882,278.345652613545,2.99992605 473.846498744633,279.261444455132,2.99992605 476.398766754306,280.108636989827,2.99992605 479.275552748414,280.955758342374,2.99992605 482.662812054474,281.871336637517,2.99992605 486.7465,282.9239,2.99992605 489.323794834774,283.551920812809,2.99992605 492.147962509093,284.222516408182,2.99992605 495.208979627376,284.938114274181,2.99992605 498.206633170979,285.615678031167,2.99992605 503.101187082626,286.610021567236,2.99992605 507.547986338853,287.424603112075,2.99992605 511.628971285015,288.100373912019,2.99992605 515.426082266466,288.678285213402,2.99992605 519.021259628561,289.199288262558,2.99992605 522.496443716655,289.704334305824,2.99992605 525.933574876104,290.234374589532,2.99992605 529.414593452263,290.830360360018,2.99992605 533.021439790486,291.533242863616,2.99992605 536.836054236129,292.38397334666,2.99992605 540.940377134547,293.423503055487,2.99992605 545.416348831095,294.692783236429,2.99992605 548.106128896086,295.533565060382,2.99992605 550.85581111023,296.423321654859,2.99992605 553.500928529964,297.300611101436,2.99992605 555.811,298.0844,2.99992605 558.57009468155,299.066934034319,2.99992605 560.517107480046,299.837529303458,2.99992605 564.415103584521,301.533635945594,2.99992605 567.71802864692,303.281668142289,2.99992605 570.638923000734,305.190574109425,2.99992605 573.390826979457,307.369302062882,2.99992605 576.18678091658,309.926800218543,2.99992605 579.239825145597,312.972016792289,2.99992605 580.983418089041,314.757612557078,2.99992605 582.763,316.6139,2.99992605 586.103955969142,320.224649998811,2.99992605 588.793402146789,323.445139557675,2.99992605 590.980617575953,326.435963182449,2.99992605 592.814881299647,329.357715378992,2.99992605 594.445472360886,332.370990653161,2.99992605 596.021669802682,335.636383510814,2.99992605 597.692752668049,339.314488457808,2.99992605 599.608,343.5659,2.99992605 600.293691931566,346.653640999445,2.99992605 600.21750393917,349.960308666173,2.99992605 599.608,353.6729,2.99992605)"
        color="rgba(0,0,0,1)"/>
      <vertex
        id="3"
        position="459.795 269.448"
        color="rgba(0,0,0,1)"/>
      <vertex
        id="4"
        position="599.608 353.673"
        color="rgba(0,0,0,1)"/>
      <edge
        id="8"
        startvertex="6"
        endvertex="7"
        curve="xywdense(5 217.2265,325.0364,2.99992605 217.091264355049,321.361505717623,2.99992605 216.60059427443,318.533315807326,2.99992605 213.833019230118,315.983891659276,2.99992605 210.080533389954,312.966437325361,2.99992605 208.052714248982,311.338233102213,2.99992605 205.962469294084,309.676854588286,2.99992605 203.818973425721,308.006850364349,2.99992605 201.710576942515,306.394005928144,2.99992605 197.873307927902,303.561701492931,2.99992605 194.119890012439,300.881000061643,2.99992605 190.288540560415,298.19972401296,2.99992605 186.420742358198,295.521392695825,2.99992605 182.490621301097,292.780610344624,2.99992605 178.538465426575,290.031944681701,2.99992605 174.592157370439,287.30747027541,2.99992605 170.663039232961,284.609270822112,2.99992605 166.766588248296,281.946927736169,2.99992605 162.918281650597,279.330022431941,2.99992605 159.13359667402,276.768136323789,2.99992605 155.428010552721,274.270850826072,2.99992605 151.817000520853,271.847747353152,2.99992605 148.316043812572,269.508407319388,2.99992605 144.940617662033,267.262412139142,2.99992605 141.70619930339,265.119343226773,2.99992605 138.628265970799,263.088781996642,2.99992605 135.722294898414,261.18030986311,2.99992605 133.003763320391,259.403508240537,2.99992605 130.488148470884,257.767958543283,2.99992605 128.190927584048,256.283242185709,2.99992605 126.127577894038,254.958940582175,2.99992605 122.764401041116,252.829907294669,2.99992605 119.5255,250.9184,2.99992605 120.166539909218,254.704856393046,2.99992605 120.885842604626,258.949163961802,2.99992605 121.284205599362,261.505748263152,2.99992605 121.685144344246,264.293537927783,2.99992605 122.071234828371,267.268721719671,2.99992605 122.425053040834,270.387488402791,2.99992605 122.729174970729,273.606026741119,2.99992605 122.966176607151,276.880525498629,2.99992605 123.118633939194,280.167173439297,2.99992605 123.169122955953,283.422159327098,2.99992605 123.078171258955,286.791579677459,2.99992605 122.8945,289.6619,2.99992605 122.355689853151,292.210733605899,2.99992605 121.320527647577,294.817958454142,2.99992605 119.96376050505,297.360983051285,2.99992605 118.460135547336,299.717215903886,2.99992605 116.984399896206,301.764065518501,2.99992605 114.815585000769,304.439249060001,2.99992605 113.851452670157,300.471679804782,2.99992605 113.776148011007,296.610574902548,2.99992605 114.472,293.0309,2.99992605 115.608706748698,290.695766821585,2.99992605 117.083313895783,288.344926316245,2.99992605 118.744966706532,286.079179744361,2.99992605 120.442810446225,283.99932836631,2.99992605 123.343651773555,280.800516233219,2.99992605 122.521680695598,284.911544575594,2.99992605 120.65545925027,288.213378936624,2.99992605 118.319694573725,290.931633027851,2.99992605 116.198420750531,292.727846141567,2.99992605 114.011353128794,294.035507223454,2.99992605 111.214999903293,295.457558542492,2.99992605 107.537205660635,297.439365841607,2.99992605 104.629584996094,299.096592081114,2.99992605 102.187515005114,300.287785930213,2.99992605 99.4017076732619,301.128437230346,2.99992605 96.0260422999267,301.584264105308,2.99992605 92.665936108638,301.344389697284,2.99992605 89.6916387174331,300.714313454622,2.99992605 87.0785384171335,296.585071678463,2.99992605 86.7053463301593,291.911396504665,2.99992605 86.5627924568837,289.165187433189,2.99992605 86.4594352886836,286.225701950671,2.99992605 86.4026512692596,283.152668491121,2.99992605 86.3998168423125,280.005815488545,2.99992605 86.4583084515432,276.844871376953,2.99992605 86.5855025406524,273.729564590351,2.99992605 86.7887755533409,270.719623562749,2.99992605 87.0755039333095,267.874776728153,2.99992605 87.4530641242589,265.254752520572,2.99992605 87.9288325698899,262.919279374015,2.99992605 89.2045,259.3409,2.99992605 91.4611648346267,257.717351719191,2.99992605 94.0689878765655,256.363835059663,2.99992605 98.1539209651724,254.945708655899,2.99992605 102.652864223614,253.6531617197,2.99992605 107.049980704103,252.545175818539,2.99992605 110.829433458855,251.680732519888,2.99992605 114.472,250.9184,2.99992605)"
        color="rgba(0,0,0,1)"/>
      <vertex
        id="6"
        position="217.226 325.036"
        color="rgba(0,0,0,1)"/>
      <vertex
        id="7"
        position="114.472 250.918"
        color="rgba(0,0,0,1)"/>
      <edge
        id="11"
        startvertex="9"
        endvertex="10"
        curve="xywdense(5 89.2045,301.4534,2.99992605 91.9166193781198,305.183103710212,2.99992605 93.4168503221357,307.240446118585,2.99992605 95.1077750846433,309.55461034656,2.99992605 97.104087166734,312.282262317963,2.99992605 99.3454450106967,315.338888613585,2.99992605 101.815265823521,318.700270649973,2.99992605 104.496966812196,322.342189843676,2.99992605 107.373965183711,326.240427611243,2.99992605 108.880518765218,328.278097652897,2.99992605 110.429678145056,330.370765369222,2.99992605 112.019370474099,332.515403437287,2.99992605 113.647522903221,334.708984534161,2.99992605 115.312062583294,336.948481336912,2.99992605 117.010916665194,339.230866522609,2.99992605 118.742012299793,341.553112768321,2.99992605 120.503276637965,343.912192751115,2.99992605 122.292636830585,346.305079148061,2.99992605 124.108020028524,348.728744636227,2.99992605 125.947353382659,351.180161892681,2.99992605 127.808564043861,353.656303594493,2.99992605 129.689579163004,356.15414241873,2.99992605 131.588325890964,358.670651042462,2.99992605 133.502731378612,361.202802142757,2.99992605 135.430722776823,363.747568396683,2.99992605 137.37022723647,366.301922481309,2.99992605 139.319171908427,368.862837073703,2.99992605 141.275483943568,371.427284850935,2.99992605 143.237090492767,373.992238490072,2.99992605 145.201918706896,376.554670668184,2.99992605 147.167895736831,379.111554062338,2.99992605 149.132948733444,381.659861349604,2.99992605 151.095004847609,384.19656520705,2.99992605 153.0519912302,386.718638311744,2.99992605 155.00183503209,389.223053340755,2.99992605 156.942463404154,391.706782971152,2.99992605 158.871803497264,394.166799880003,2.99992605 160.789386409724,396.602801476295,2.99992605 162.688327450121,399.003586241342,2.99992605 164.556930084755,401.3497784607,2.99992605 166.409160938788,403.665598130623,2.99992605 168.247759005381,405.956192123936,2.99992605 170.094710646839,408.259404096486,2.99992605 171.992853542042,410.648499219061,2.99992605 173.882372734427,413.02235981966,2.99992605 175.726033517252,415.305706248706,2.99992605 177.498932819933,417.494289609726,2.99992605 179.159753140148,419.59353836038,2.99992605 180.720503066377,421.49914078869,2.99992605 183.5365,424.4219,2.99992605 187.696135670526,425.000049772006,2.99992605 191.548444641038,424.501136212711,2.99992605 194.57585168539,424.226050571594,2.99992605 196.157357779666,426.177339914179,2.99992605 196.84972319731,429.35920962457,2.99992605 197.202352016299,433.020299522675,2.99992605 197.0125,436.2134,2.99992605 195.207457487775,438.50607474698,2.99992605 192.628790345825,440.537662768245,2.99992605 193.596462931326,443.644065348089,2.99992605 196.629800887633,446.834206807196,2.99992605 198.425110353656,448.794610917564,2.99992605 200.275613400124,451.030819862705,2.99992605 202.083384968439,453.567020578293,2.99992605 203.7505,456.4274,2.99992605 205.12903957769,459.217923179706,2.99992605 206.544831812635,462.263557505828,2.99992605 207.613166228013,464.812585696011,2.99992605 208.509968102239,467.16482609887,2.99992605 209.932039585667,471.426681306115,2.99992605 211.097176979769,475.344598654553,2.99992605 212.291511001401,479.214053671171,2.99992605 213.801172367414,483.330521882959,2.99992605 214.763666653581,485.573722039225,2.99992605 215.912291794663,487.989478816905,2.99992605 217.405661293889,490.797676562914,2.99992605 218.911,493.4864,2.99992605 221.117873082333,497.189562462571,2.99992605 223.051611278744,500.258309597798,2.99992605 224.864398377575,502.841790146129,2.99992605 226.708418167169,505.089152848011,2.99992605 228.735854435866,507.149546443891,2.99992605 231.098890972009,509.172119674218,2.99992605 233.94971156394,511.306021279438,2.99992605 237.4405,513.7004,2.99992605 240.389792102625,515.657429118313,2.99992605 243.545516837376,517.719432594476,2.99992605 246.214409543311,519.423423870183,2.99992605 248.687766330449,520.953606177833,2.99992605 251.010743116073,522.332385302147,2.99992605 253.22849581746,523.582167027848,2.99992605 257.52895263665,525.784361422299,2.99992605 261.950384126258,527.739435638963,2.99992605 264.319355165669,528.68031714243,2.99992605 266.854037624525,529.626635955616,2.99992605 269.599587420106,530.600797863244,2.99992605 272.601160469692,531.625208650036,2.99992605 276.203252136225,532.833062012433,2.99992605 279.553,533.9144,2.99992605 283.281372423105,534.90084969578,2.99992605 286.457089299142,535.327589444328,2.99992605 289.275059126915,535.363633191291,2.99992605 291.93019040523,535.177994882318,2.99992605 294.617391632891,534.939688463054,2.99992605 297.531571308703,534.817727879149,2.99992605 300.867637931471,534.981127076248,2.99992605 304.8205,535.5989,2.99992605 307.298548247351,536.25823036141,2.99992605 310.870312948357,537.922837111524,2.99992605 313.77580822382,539.79649487717,2.99992605 317.430441632998,541.576551233314,2.99992605 319.981,542.3369,2.99992605 323.227532701833,543.084041965748,2.99992605 326.969306464389,543.886059945533,2.99992605 330.287433037087,544.524844118451,2.99992605 333.481793317173,545.085416824506,2.99992605 336.547575914938,545.577017363471,2.99992605 339.479969440672,546.008885035123,2.99992605 342.274162504663,546.390259139237,2.99992605 344.925343717201,546.730378975588,2.99992605 349.779425029081,547.323813044105,2.99992605 354.003722258628,547.863101638877,2.99992605 357.559744288162,548.422159158107,2.99992605 360.409,549.0749,2.99992605 360.700545218058,552.239353898041,2.99992605 359.379313095709,554.711706497388,2.99992605 356.804410528568,555.479978279618,2.99992605 355.3555,555.8129,2.99992605)"
        color="rgba(0,0,0,1)"/>
      <vertex
        id="9"
        position="89.2045 301.453"
        color="rgba(0,0,0,1)"/>
      <vertex
        id="10"
        position="355.356 555.813"
        color="rgba(0,0,0,1)"/>
      <edge
        id="14"
        startvertex="12"
        endvertex="13"
        curve="xywdense(5 601.2925,343.5659,2.99992605 602.554603908661,339.894349715861,2.99992605 603.359252273704,337.553569851605,2.99992605 604.187650553659,335.143699361933,2.99992605 605.639753781609,330.919424074471,2.99992605 607.15519244436,326.510898803625,2.99992605 607.97878948992,324.114992026227,2.99992605 608.828964455279,321.641767284441,2.99992605 609.689601903642,319.138105442315,2.99992605 610.557026476423,316.614698298489,2.99992605 611.424452795482,314.091284917957,2.99992605 612.285095482679,311.58760436571,2.99992605 613.132169159877,309.123395706741,2.99992605 613.958888448933,306.718398006042,2.99992605 615.52412235007,302.164991739426,2.99992605 616.926514160976,298.0852980858,2.99992605 618.295004715966,294.405433773383,2.99992605 619.025639411636,291.978698697281,2.99992605 616.890418249118,293.370632667565,2.99992605 614.628869225851,297.150722213177,2.99992605 613.084,301.4534,2.99992605 612.234202996164,305.852151998919,2.99992605 611.816281327014,308.338988260935,2.99992605 611.420304393646,310.851217426073,2.99992605 610.74606527606,315.453112649981,2.99992605 610.162622378338,319.956402638772,2.99992605 609.659268522581,324.335640210675,2.99992605 609.22529653089,328.565378183917,2.99992605 608.849999225368,332.620169376724,2.99992605 608.522669428115,336.474566607325,2.99992605 608.232599961234,340.103122693948,2.99992605 607.969083646825,343.480390454818,2.99992605 607.721413306992,346.580922708165,2.99992605 607.478881763834,349.379272272216,2.99992605 606.966406355955,353.967634605336,2.99992605 606.346,357.0419,2.99992605 603.361312431923,356.940683398954,2.99992605 599.814749370104,356.538170859183,2.99992605 596.926420277199,355.832887215726,2.99992605 595.214869070308,353.246496256211,2.99992605 594.218681379584,350.313994685193,2.99992605 593.292528655442,346.881207235387,2.99992605 592.478502625497,343.269445855236,2.99992605 591.818695017366,339.800022493181,2.99992605 591.355197558662,336.794249097662,2.99992605 591.1855,333.4589,2.99992605 595.836695763723,333.64479135893,2.99992605 598.508570137701,333.831587969228,2.99992605 601.212591994466,333.971798583373,2.99992605 605.448461171764,333.850856043647,2.99992605 607.013019285913,332.055214580641,2.99992605 608.260643670122,329.700462849192,2.99992605 609.961043007895,325.106638161926,2.99992605 610.763502569701,322.522168930889,2.99992605 611.551522869478,319.75970894226,2.99992605 612.338144514247,316.829543571546,2.99992605 613.136408111026,313.741958194254,2.99992605 613.959354266836,310.507238185892,2.99992605 614.820023588696,307.135668921967,2.99992605 615.731456683626,303.637535777986,2.99992605 616.706694158644,300.023124129456,2.99992605 617.758776620771,296.302719351885,2.99992605 618.900744677027,292.486606820781,2.99992605 620.249059163065,288.222046025087,2.99992605 621.5065,284.6084,2.99992605 622.973561325557,282.279200856171,2.99992605 627.546103653184,281.054325586515,2.99992605 630.071406914729,280.896964051606,2.99992605 635.014832387217,280.836032096641,2.99992605 637.597314660318,281.017787916148,2.99992605 640.363216666096,281.397909093356,2.99992605 643.394718435631,282.019058748046,2.99992605 646.774,282.9239,2.99992605 650.684115684082,284.114447024632,2.99992605 653.897782920007,285.18723735655,2.99992605 656.625762976985,286.241633695735,2.99992605 659.078817124226,287.376998742169,2.99992605 661.467706630938,288.692695195831,2.99992605 664.003192766331,290.288085756704,2.99992605 666.896036799615,292.262533124766,2.99992605 670.357,294.7154,2.99992605 672.463448684503,296.218072363803,2.99992605 674.563996482266,297.72639752864,2.99992605 677.977752588726,300.224486812144,2.99992605 680.815014009816,302.427024111845,2.99992605 683.292526435973,304.551365689078,2.99992605 685.627035557634,306.814867805176,2.99992605 688.035287065234,309.434886721473,2.99992605 690.734026649211,312.628778699303,2.99992605 692.310755910623,314.577557822794,2.99992605 693.94,316.6139,2.99992605 697.058858207698,320.508296407549,2.99992605 699.683045041298,323.79455056859,2.99992605 701.885068229607,326.701676976727,2.99992605 703.737435501431,329.458690125564,2.99992605 705.312654585577,332.294604508705,2.99992605 706.683233210849,335.438434619756,2.99992605 707.921679106055,339.119194952319,2.99992605 709.1005,343.5659,2.99992605 709.969445275543,347.21401810002,2.99992605 710.859413734007,351.107642785813,2.99992605 711.583477771496,354.429987820885,2.99992605 712.206420091319,357.518400519685,2.99992605 712.730095819983,360.421694808927,2.99992605 713.156360083996,363.188684615325,2.99992605 713.487068009866,365.868183865594,2.99992605 713.7240747241,368.509006486448,2.99992605 713.869235353206,371.1599664046,2.99992605 713.924405023692,373.869877546765,2.99992605 713.891438862064,376.687553839656,2.99992605 713.772191994832,379.661809209988,2.99992605 713.568519548501,382.841457584474,2.99992605 713.282276649581,386.275312889829,2.99992605 712.893780024369,390.210251407617,2.99992605 712.4695,394.1009,2.99992605 712.082984289978,397.392391112301,2.99992605 711.693317461498,400.360084276595,2.99992605 711.288228676971,403.086329295516,2.99992605 710.855331864263,405.595287802711,2.99992605 709.856685100304,410.116179985502,2.99992605 708.598519061631,414.232430232123,2.99992605 706.981975640255,418.253707949729,2.99992605 704.908196728184,422.489682545473,2.99992605 703.668950804392,424.784952862384,2.99992605 702.278324217429,427.250023426512,2.99992605 700.793002396485,429.812974415552,2.99992605 698.9935,432.8444,2.99992605 696.49321207045,437.011145517523,2.99992605 695.158131785879,439.213550692348,2.99992605 693.850182884921,441.352537644306,2.99992605 691.566946024273,445.011937378894,2.99992605 689.423428619665,448.344087091874,2.99992605 687.380209414681,451.400883810822,2.99992605 685.397867152905,454.234224563315,2.99992605 683.436980577919,456.896006376928,2.99992605 681.45812843331,459.438126279239,2.99992605 679.421889462659,461.912481297824,2.99992605 677.288842409551,464.370968460259,2.99992605 675.01956601757,466.865484794121,2.99992605 672.574639030299,469.447927326985,2.99992605 669.914640191323,472.170193086429,2.99992605 667.000148244225,475.084179100028,2.99992605 663.440897803126,478.58960473306,2.99992605 660.25,481.6949,2.99992605 657.622330317717,484.130108844307,2.99992605 655.152558898475,486.141283966218,2.99992605 652.74607335108,487.77303739203,2.99992605 650.308261284338,489.06998114804,2.99992605 647.744510307053,490.076727260545,2.99992605 644.960208028032,490.837887755842,2.99992605 641.860742056079,491.398074660228,2.99992605 638.3515,491.8019,2.99992605 634.309063185861,492.057785917107,2.99992605 629.583020134723,492.250290392582,2.99992605 625.093615984993,492.258154881158,2.99992605 620.604928182655,492.147064199304,2.99992605 616.170076096799,491.935967323054,2.99992605 611.842179096515,491.643813228442,2.99992605 607.674356550894,491.289550891503,2.99992605 603.719727829026,490.89212928827,2.99992605 600.031412300001,490.47049739478,2.99992605 596.662529332909,490.043604187065,2.99992605 593.66619829684,489.630398641161,2.99992605 591.095538560885,489.249829733101,2.99992605 587.443710465675,488.662397734655,2.99992605 586.132,488.4329,2.99992605)"
        color="rgba(0,0,0,1)"/>
      <vertex
        id="12"
        position="601.293 343.566"
        color="rgba(0,0,0,1)"/>
      <vertex
        id="13"
        position="586.132 488.433"
        color="rgba(0,0,0,1)"/>
      <edge
        id="17"
        startvertex="15"
        endvertex="16"
        curve="xywdense(5 631.6135,357.0419,2.99992605 632.93234026202,354.438839962104,2.99992605 634.402169241287,351.687396803944,2.99992605 636.253407365386,348.41590656561,2.99992605 638.366907068812,344.959290506574,2.99992605 640.62352078606,341.652469886311,2.99992605 642.904100951624,338.830365964295,2.99992605 645.0895,336.8279,2.99992605 648.078594836369,335.649678352409,2.99992605 652.030879041538,335.30450421027,2.99992605 656.302598725938,335.721027962996,2.99992605 660.25,336.8279,2.99992605 663.172327159125,338.383885181114,2.99992605 665.552508814565,340.486398372398,2.99992605 667.808186062722,343.286412377482,2.99992605 670.357,346.9349,2.99992605 672.095046148577,349.415232452928,2.99992605 673.569743408306,351.485338256491,2.99992605 675.864226954017,355.001204669721,2.99992605 677.510722022719,358.695168748092,2.99992605 678.166249739959,361.030199841717,2.99992605 678.7795,363.7799,2.99992605 679.449657032352,367.238841002429,2.99992605 680.08777541112,370.791216595629,2.99992605 680.629662645849,373.829702455916,2.99992605 681.100244159731,376.623424573704,2.99992605 681.502165897545,379.222396360883,2.99992605 681.838073804071,381.676631229342,2.99992605 682.322431902376,386.350943857658,2.99992605 682.574486012884,391.046469753766,2.99992605 682.620013934664,393.527221206965,2.99992605 682.615403693833,396.163316212782,2.99992605 682.563301235172,399.004768183104,2.99992605 682.466352503459,402.101590529821,2.99992605 682.312924577265,405.829169633905,2.99992605 682.1485,409.2614,2.99992605 681.911475601056,412.83688441313,2.99992605 681.56657292792,415.897951537591,2.99992605 681.081270317538,418.582071172983,2.99992605 680.423046106854,421.02671311891,2.99992605 679.485014593309,423.380429021766,2.99992605 678.45774623236,425.747443140774,2.99992605 677.085627242441,428.298470815916,2.99992605 675.4105,431.1599,2.99992605 674.049104166593,433.280156894968,2.99992605 671.396972083625,436.464307071534,2.99992605 668.37557809598,438.909806510994,2.99992605 664.428752583889,441.420456110212,2.99992605 661.9345,442.9514,2.99992605 658.637297432078,445.002166661692,2.99992605 655.928232317336,446.671824909345,2.99992605 653.593220224601,448.038444426878,2.99992605 649.189017380463,450.174846007273,2.99992605 646.691657766716,451.100767437976,2.99992605 643.712013450286,452.035928874245,2.99992605 640.036,453.0584,2.99992605 637.623687292784,453.64927520373,2.99992605 635.046425943842,454.224034227516,2.99992605 632.5366004374,454.702961150186,2.99992605 630.050823359761,455.117575913727,2.99992605 625.253636734027,455.768712868212,2.99992605 620.859310552908,456.207132900549,2.99992605 617.072289302676,456.462523820318,2.99992605 614.097017469601,456.564573437096,2.99992605 611.3995,456.4274,2.99992605 611.285547275645,453.996238544684,2.99992605 611.602075430032,450.939646863013,2.99992605 611.91651210693,448.427165917167,2.99992605 612.348404990372,445.799031615079,2.99992605 612.871630546377,442.736331227397,2.99992605 613.49063007275,439.386051628151,2.99992605 614.202203659351,435.778704790525,2.99992605 615.003151396035,431.944802687704,2.99992605 615.890273372664,427.914857292872,2.99992605 616.860369679094,423.719380579214,2.99992605 617.910240405184,419.388884519913,2.99992605 619.036685640793,414.953881088154,2.99992605 620.248819291173,410.390359061391,2.99992605 621.5065,405.8924,2.99992605 622.75864425702,401.702200766269,2.99992605 624.047192429276,397.65140423191,2.99992605 625.410941683081,393.625943220544,2.99992605 626.808238110365,389.705144738725,2.99992605 628.21754057165,385.919987247271,2.99992605 629.617307927463,382.301449207005,2.99992605 630.985999038328,378.880509078745,2.99992605 632.302072764768,375.688145323311,2.99992605 633.54398796731,372.755336401524,2.99992605 634.690203506478,370.113060774203,2.99992605 636.609371036788,365.824023246241,2.99992605 638.3515,362.0954,2.99992605)"
        color="rgba(0,0,0,1)"/>
      <vertex
        id="15"
        position="631.614 357.042"
        color="rgba(0,0,0,1)"/>
      <vertex
        id="16"
        position="638.352 362.095"
        color="rgba(0,0,0,1)"/>
      <edge
        id="20"
        startvertex="18"
        endvertex="19"
        curve="xywdense(5 592.87,491.8019,2.99992605 591.409251502217,494.114626823966,2.99992605 589.696811410407,496.690989357437,2.99992605 587.430545672579,499.934421530577,2.99992605 584.686117975678,503.635226012395,2.99992605 583.158238294746,505.591612453123,2.99992605 581.539192006651,507.583705471899,2.99992605 579.83843707226,509.585292902349,2.99992605 578.065431452443,511.570162578098,2.99992605 576.160813439356,513.559736637205,2.99992605 574.3405,515.3849,2.99992605 571.541176035633,518.056071535702,2.99992605 569.18542030324,520.241442905732,2.99992605 567.0903878246,522.042961116397,2.99992605 565.073233621494,523.562573174004,2.99992605 562.9511127157,524.902226084861,2.99992605 560.541180129,526.163866855275,2.99992605 557.660590883174,527.449442491552,2.99992605 554.1265,528.8609,2.99992605 550.777940224325,530.085875121476,2.99992605 547.150970840431,531.344562053746,2.99992605 544.144938426046,532.269388766974,2.99992605 541.389603091506,533.025714048547,2.99992605 538.832121563996,533.645663981546,2.99992605 536.4196505707,534.161364649054,2.99992605 531.818367095485,535.008522519919,2.99992605 527.163006483334,535.824196325794,2.99992605 524.682939068869,536.300541912064,2.99992605 522.030822551721,536.865394731331,2.99992605 519.153813659077,537.550880866677,2.99992605 515.999069118119,538.389126401183,2.99992605 512.185607597363,539.526762946567,2.99992605 508.645,540.6524,2.99992605 504.796077953539,542.080135734237,2.99992605 501.10727015622,543.691382864593,2.99992605 497.687401204396,545.370905588118,2.99992605 494.645295694418,547.003468101861,2.99992605 492.089778222638,548.473834602871,2.99992605 488.431,550.7594,2.99992605)"
        color="rgba(0,0,0,1)"/>
      <vertex
        id="18"
        position="592.87 491.802"
        color="rgba(0,0,0,1)"/>
      <vertex
        id="19"
        position="488.431 550.759"
        color="rgba(0,0,0,1)"/>
      <edge
        id="23"
        startvertex="21"
        endvertex="22"
        curve="xywdense(5 350.302,549.0749,2.99992605 354.196824059335,551.159308647567,2.99992605 358.631287298752,553.417451370438,2.99992605 361.343678894097,554.749191639724,2.99992605 364.337947491559,556.177448060179,2.99992605 367.57792085491,557.673273291253,2.99992605 371.027426747921,559.207719992397,2.99992605 374.650292934362,560.751840823063,2.99992605 378.410347178004,562.276688442701,2.99992605 382.271417242618,563.753315510763,2.99992605 386.197330891975,565.152774686699,2.99992605 390.418037580208,566.502734909827,2.99992605 394.099,567.6044,2.99992605 397.568029566443,568.494125180363,2.99992605 400.514709674818,569.090502500245,2.99992605 403.125764401809,569.413102292692,2.99992605 408.087894018382,569.315250627462,2.99992605 410.812417061335,568.933939835878,2.99992605 413.948211029646,568.357132849042,2.99992605 417.682,567.6044,2.99992605 420.324818754041,567.040792660458,2.99992605 423.338247293752,566.383494897317,2.99992605 426.659965081921,565.648505145722,2.99992605 430.03691454947,564.881238659483,2.99992605 433.131191121271,564.143064589099,2.99992605 436.135015278268,563.402119679644,2.99992605 439.14120905339,562.644021752208,2.99992605 442.110063215547,561.87769672924,2.99992605 445.035001349657,561.106243507848,2.99992605 447.909447040636,560.33276098514,2.99992605 450.726823873399,559.560348058224,2.99992605 453.480555432862,558.792103624209,2.99992605 456.164065303942,558.031126580203,2.99992605 458.770777071554,557.280515823315,2.99992605 461.294114320616,556.543370250653,2.99992605 463.727500636042,555.822788759325,2.99992605 468.298114805654,554.443713609106,2.99992605 472.430008259717,553.168081549525,2.99992605 476.070569677562,552.02068375745,2.99992605 479.167187738516,551.026311409747,2.99992605 483.518148507067,549.595807754926,2.99992605 485.062,549.0749,2.99992605)"
        color="rgba(0,0,0,1)"/>
      <vertex
        id="21"
        position="350.302 549.075"
        color="rgba(0,0,0,1)"/>
      <vertex
        id="22"
        position="485.062 549.075"
        color="rgba(0,0,0,1)"/>
      <edge
        id="26"
        startvertex="24"
        endvertex="25"
        curve="xywdense(5 291.3445,535.5989,2.99992605 289.97206153373,539.319817778644,2.99992605 289.224137514638,541.733121951849,2.99992605 288.530696306216,544.432460881073,2.99992605 288.011560953968,547.23755594583,2.99992605 287.786554503395,549.968128525634,2.99992605 288.119185270583,552.615093598802,2.99992605 288.567887053924,555.252360489091,2.99992605 289.27144873258,557.90534760586,2.99992605 290.12645314447,560.410273323743,2.99992605 291.173168398096,562.77454961617,2.99992605 292.451862601959,565.005588456577,2.99992605 294.002803864563,567.110801818395,2.99992605 295.866260294409,569.097601675059,2.99992605 298.0825,570.9734,2.99992605 300.832546101994,573.047532868616,2.99992605 303.955592222447,575.343437717853,2.99992605 306.620469779428,577.248628641835,2.99992605 309.155832075716,578.993411887756,2.99992605 311.600376942912,580.597395664547,2.99992605 313.992802212617,582.080188181134,2.99992605 316.371805716434,583.461397646446,2.99992605 318.776085285962,584.760632269411,2.99992605 321.244338752805,585.997500258956,2.99992605 323.815263948562,587.191609824011,2.99992605 326.527558704836,588.362569173503,2.99992605 329.419920853228,589.52998651636,2.99992605 332.531048225339,590.71347006151,2.99992605 335.89963865277,591.932628017881,2.99992605 339.813333116689,593.296362734309,2.99992605 343.564,594.5564,2.99992605 346.361706526684,595.445015728236,2.99992605 348.739497154686,596.129461895619,2.99992605 353.044531312462,597.119877390922,2.99992605 356.806664735398,597.654407272406,2.99992605 360.353459685567,597.85981232657,2.99992605 364.01247842504,597.862853339913,2.99992605 368.111283215889,597.790291098934,2.99992605 372.977436320185,597.76888639013,2.99992605 375.826662925353,597.824718206435,2.99992605 378.9385,597.9254,2.99992605 382.449125562687,598.08464779316,2.99992605 385.905536860125,598.262795109281,2.99992605 388.819387451846,598.422445460738,2.99992605 391.432886417956,598.570504902829,2.99992605 395.997110273192,598.815172737186,2.99992605 400.074770025536,598.963441968892,2.99992605 404.142427274688,598.981955954486,2.99992605 408.676643620348,598.837358050509,2.99992605 411.267636954276,598.69346818885,2.99992605 414.153980662219,598.4962916135,2.99992605 417.01592551587,598.271461375374,2.99992605 421.051,597.9254,2.99992605 424.378317304045,597.633727212887,2.99992605 428.169264051809,597.299664582952,2.99992605 432.0948155905,596.952126233793,2.99992605 435.913374085695,596.614484465011,2.99992605 439.175949096576,596.329622223536,2.99992605 442.175693789541,596.067921690977,2.99992605 445.066609404634,595.81335894244,2.99992605 447.817161280097,595.568035244363,2.99992605 450.442198729619,595.32952056535,2.99992605 452.956571066894,595.095384874006,2.99992605 457.712717659467,594.630530328742,2.99992605 462.204395567347,594.154031357405,2.99992605 466.550399300067,593.646447708832,2.99992605 470.86952336716,593.088339131857,2.99992605 475.280562278158,592.460265375318,2.99992605 479.902310542595,591.742786188048,2.99992605 482.329323966582,591.344444479401,2.99992605 484.853562670003,590.916461318884,2.99992605 487.489875966551,590.456406675103,2.99992605 490.253113169915,589.961850516662,2.99992605 493.103137754254,589.441064457321,2.99992605 496.219756551863,588.859513530217,2.99992605 499.947733913649,588.150557833015,2.99992605 503.752060757947,587.418783785883,2.99992605 507.278594756253,586.736932541487,2.99992605 510.3295,586.1339,2.99992605 514.056774169614,585.32371987894,2.99992605 517.124025632778,584.483215049408,2.99992605 519.719842647059,583.562805740079,2.99992605 522.032813470022,582.512912179624,2.99992605 524.251526359232,581.283954596717,2.99992605 526.564569572255,579.826353220028,2.99992605 529.160531366655,578.090528278232,2.99992605 532.228,576.0269,2.99992605 535.497015620811,573.603252453172,2.99992605 538.083160194942,571.097649737718,2.99992605 539.847349671602,568.529922153404,2.99992605 540.6505,565.9199,2.99992605 540.638905896665,563.026238317618,2.99992605 540.162921036937,559.628970461603,2.99992605 539.366156028059,556.002235116253,2.99992605 538.392221477277,552.420170965869,2.99992605 537.384727991835,549.156916694752,2.99992605 536.487286178979,546.486610987201,2.99992605 535.597,544.0214,2.99992605)"
        color="rgba(0,0,0,1)"/>
      <vertex
        id="24"
        position="291.344 535.599"
        color="rgba(0,0,0,1)"/>
      <vertex
        id="25"
        position="535.597 544.021"
        color="rgba(0,0,0,1)"/>
      <edge
        id="29"
        startvertex="27"
        endvertex="28"
        curve="xywdense(5 215.542,323.3519,2.99992605 215.477437985182,327.400641035194,2.99992605 214.995602108329,331.223093039593,2.99992605 213.8575,335.1434,2.99992605 212.195057388046,338.481156917937,2.99992605 210.402026017437,341.187295189711,2.99992605 208.570629569207,343.461766007271,2.99992605 206.793091724392,345.504520562564,2.99992605 205.161636164029,347.515510047536,2.99992605 203.768486569152,349.694685654134,2.99992605 202.705866620797,352.241998574307,2.99992605 202.066,355.3574,2.99992605 201.767799658733,358.162823211437,2.99992605 201.477466075149,361.521204444475,2.99992605 201.17358578833,365.2353437336,2.99992605 200.900533515816,369.06027004298,2.99992605 200.706341943542,372.614800067932,2.99992605 200.558623705405,376.110370649498,2.99992605 200.440070195056,379.647302351395,2.99992605 200.353477819158,383.177760700909,2.99992605 200.296616731122,386.690949984436,2.99992605 200.267257084359,390.176074488368,2.99992605 200.263169032278,393.622338499102,2.99992605 200.28212272829,397.018946303031,2.99992605 200.321888325805,400.355102186549,2.99992605 200.380235978234,403.620010436051,2.99992605 200.454935838987,406.802875337932,2.99992605 200.543758061474,409.892901178586,2.99992605 200.644472799106,412.879292244407,2.99992605 200.754850205293,415.75125282179,2.99992605 200.872660433445,418.497987197129,2.99992605 200.995673636974,421.108699656818,2.99992605 201.248389583799,425.878875974826,2.99992605 201.495159273053,429.97541606697,2.99992605 201.718143932016,433.311954224403,2.99992605 201.899504787974,435.802124738283,2.99992605 202.066,437.8979,2.99992605)"
        color="rgba(0,0,0,1)"/>
      <vertex
        id="27"
        position="215.542 323.352"
        color="rgba(0,0,0,1)"/>
      <vertex
        id="28"
        position="202.066 437.898"
        color="rgba(0,0,0,1)"/>
      <edge
        id="32"
        startvertex="30"
        endvertex="31"
        curve="xywdense(5 338.5105,245.8649,2.99992605 337.667307380634,250.176718153169,2.99992605 337.227067719124,252.923738595618,2.99992605 336.841975842723,255.946497963614,2.99992605 336.592873059014,259.01751529507,2.99992605 336.560600675579,261.909309627895,2.99992605 337.117783761244,265.354926882257,2.99992605 339.039179734751,268.015858226091,2.99992605 341.063828941303,269.628299202892,2.99992605 343.564,271.1324,2.99992605 347.521857493487,273.237696461489,2.99992605 350.717602236846,274.656232290598,2.99992605 354.126670861783,275.576226974409,2.99992605 358.7245,276.1859,2.99992605 361.781183965568,276.429732502938,2.99992605 364.898959586262,276.604157129497,2.99992605 367.556119729093,276.669207242456,2.99992605 369.985521965493,276.658567144053,2.99992605 374.337918300314,276.471302582639,2.99992605 378.309879753345,276.164535984226,2.99992605 382.255137487208,275.860439887785,2.99992605 386.527422664524,275.681186832287,2.99992605 391.480466447915,275.748949356701,2.99992605 394.569873221331,275.911399823691,2.99992605 397.468,276.1859,2.99992605 400.890803825407,277.150060198972,2.99992605 403.37413417949,278.757722095099,2.99992605 405.852272443828,280.342847943677,2.99992605 409.2595,281.2394,2.99992605 413.143463656754,281.610938578506,2.99992605 417.473364241185,281.955025029094,2.99992605 421.091952605057,282.303509241909,2.99992605 424.448087218768,282.631960062076,2.99992605 427.589099648058,282.930016595976,2.99992605 430.562321458666,283.187317949989,2.99992605 433.415084216333,283.393503230496,2.99992605 436.194719486798,283.538211543876,2.99992605 438.9485588358,283.61108199651,2.99992605 441.72393382908,283.601753694778,2.99992605 444.568176032376,283.499865745061,2.99992605 447.528617011429,283.295057253738,2.99992605 450.652588331978,282.97696732719,2.99992605 453.987421559763,282.535235071798,2.99992605 457.860182631807,281.919403971379,2.99992605 461.479,281.2394,2.99992605 465.906254917537,279.966194850373,2.99992605 470.286860209397,278.029461848004,2.99992605 474.462881057343,275.672128154926,2.99992605 478.276382643135,273.13712093317,2.99992605 481.569430148536,270.667367344768,2.99992605 484.184088755306,268.505794551751,2.99992605 486.7465,266.0789,2.99992605 483.55076118069,263.943807027197,2.99992605 479.838725458414,261.470956716318,2.99992605 476.6395,259.3409,2.99992605)"
        color="rgba(0,0,0,1)"/>
      <vertex
        id="30"
        position="338.51 245.865"
        color="rgba(0,0,0,1)"/>
      <vertex
        id="31"
        position="476.64 259.341"
        color="rgba(0,0,0,1)"/>
      <edge
        id="35"
        startvertex="33"
        endvertex="34"
        curve="xywdense(5 341.8795,247.5494,2.99992605 346.5961,246.84191,2.99992605 348.9122875,246.494481875,2.99992605 351.9865,246.03335,2.99992605 356.9136625,245.294275625,2.99992605 359.75625625,244.8678865625,2.99992605 362.7673,244.41623,2.99992605 365.86256875,243.9519396875,2.99992605 369.0420625,243.475015625,2.99992605 372.2899890625,242.987826640625,2.99992605 375.5695,242.4959,2.99992605 378.8490109375,242.003973359375,2.99992605 382.0969375,241.516784375,2.99992605 385.27643125,241.0398603125,2.99992605 388.3717,240.57557,2.99992605 391.38274375,240.1239134375,2.99992605 394.2253375,239.697524375,2.99992605 399.1525,238.95845,2.99992605 402.35305,238.4783675,2.99992605 404.5429,238.14989,2.99992605 407.2381,237.74561,2.99992605 409.2595,237.4424,2.99992605)"
        color="rgba(0,0,0,1)"/>
      <vertex
        id="33"
        position="341.88 247.549"
        color="rgba(0,0,0,1)"/>
      <vertex
        id="34"
        position="409.26 237.442"
        color="rgba(0,0,0,1)"/>
      <edge
        id="38"
        startvertex="36"
        endvertex="37"
        curve="xywdense(5 434.527,239.1269,2.99992605 437.36359719084,238.620441039492,2.99992605 441.360286984734,238.282801732486,2.99992605 445.86978916336,238.575422465224,2.99992605 450.236234311948,240.00923033927,2.99992605 454.894262765658,241.777655033782,2.99992605 458.471563947382,243.269999713436,2.99992605 461.736431385252,244.747210330251,2.99992605 465.055333258381,246.286789485333,2.99992605 468.261435036721,247.828370396095,2.99992605 471.321227867514,249.346053625872,2.99992605 474.201202898002,250.813939738001,2.99992605 476.867851275428,252.206129295817,2.99992605 479.287664147033,253.496722862657,2.99992605 483.252747961751,255.66952427675,2.99992605 486.7465,257.6564,2.99992605)"
        color="rgba(0,0,0,1)"/>
      <vertex
        id="36"
        position="434.527 239.127"
        color="rgba(0,0,0,1)"/>
      <vertex
        id="37"
        position="486.747 257.656"
        color="rgba(0,0,0,1)"/>
      <edge
        id="41"
        startvertex="39"
        endvertex="40"
        curve="xywdense(5 419.3665,210.4904,2.99992605 417.441967477458,214.270569100407,2.99992605 415.481638238985,218.209904563263,2.99992605 414.381847663069,220.462671214998,2.99992605 413.251788273223,222.816850934419,2.99992605 412.128571437338,225.20695406214,2.99992605 411.049308523308,227.567490938772,2.99992605 409.171089932375,231.937907301221,2.99992605 407.914023443561,235.404182746665,2.99992605 408.105941169663,238.164107262825,2.99992605 411.335458485702,240.334926874997,2.99992605 413.779065097507,241.606598985339,2.99992605 416.605257322125,242.884152472513,2.99992605 419.686550392269,244.078867217017,2.99992605 422.895459540656,245.102023099347,2.99992605 426.1045,245.8649,2.99992605 428.799873756923,246.214017885675,2.99992605 431.597845156548,246.30429484251,2.99992605 434.362865555107,246.185196994114,2.99992605 436.959386308831,245.906190464096,2.99992605 441.104734306698,245.066315853635,2.99992605 443.445361062822,242.232754632245,2.99992605 443.709772983228,239.359779626077,2.99992605 443.757542680594,235.70076771038,2.99992605 443.603477074296,231.395011614042,2.99992605 443.262383083712,226.581804065949,2.99992605 443.026327606617,224.028434975271,2.99992605 442.749067628216,221.400437794987,2.99992605 442.432454013433,218.715224116207,2.99992605 442.078337627187,215.990205530042,2.99992605 441.685283251048,213.085513147905,2.99992605 441.265,210.4904,2.99992605 440.3764389997,207.556801608913,2.99992605 438.952631755806,204.954675685895,2.99992605 436.749705295675,202.396545436148,2.99992605 433.083248751211,202.960127803188,2.99992605 430.175939875726,204.266680431913,2.99992605 427.789,205.4369,2.99992605)"
        color="rgba(0,0,0,1)"/>
      <vertex
        id="39"
        position="419.367 210.49"
        color="rgba(0,0,0,1)"/>
      <vertex
        id="40"
        position="427.789 205.437"
        color="rgba(0,0,0,1)"/>
      <edge
        id="44"
        startvertex="42"
        endvertex="43"
        curve="xywdense(5 284.6065,395.7854,2.99992605 280.114979797363,394.525109411621,2.99992605 277.46053515625,393.82453671875,2.99992605 274.751804870605,393.158509436035,2.99992605 272.303398925781,392.631897558594,2.99992605 269.446,392.4164,2.99992605 268.28744746001,394.930472790396,2.99992605 267.578200405677,397.373899820177,2.99992605 266.944346872526,399.831242545222,2.99992605 266.388942501983,402.456640897721,2.99992605 265.881128489317,406.61746877974,2.99992605 267.86689563091,408.907224886431,2.99992605 270.937772490592,410.495622035175,2.99992605 274.844645945959,412.203491045587,2.99992605 279.142531363923,413.892231517019,2.99992605 283.386444111396,415.423243048823,2.99992605 287.131399555292,416.657925240353,2.99992605 289.932413062522,417.457677690961,2.99992605 291.80506438052,415.658355528772,2.99992605 292.492508807625,411.060423928055,2.99992605 292.802636210398,408.451188005845,2.99992605 293.118351737885,403.920926021135,2.99992605 291.388388344302,401.782150315258,2.99992605 287.9755,400.8389,2.99992605)"
        color="rgba(0,0,0,1)"/>
      <vertex
        id="42"
        position="284.606 395.785"
        color="rgba(0,0,0,1)"/>
      <vertex
        id="43"
        position="287.976 400.839"
        color="rgba(0,0,0,1)"/>
      <edge
        id="47"
        startvertex="45"
        endvertex="46"
        curve="xywdense(5 274.4995,336.8279,2.99992605 271.31398500765,338.007816228962,2.99992605 269.020733133606,339.102837007582,2.99992605 267.311331972046,341.61278399123,2.99992605 266.660162916654,344.978487946498,2.99992605 266.523471607494,348.891824483217,2.99992605 267.119964139223,353.155655142637,2.99992605 268.189288933074,356.349559375419,2.99992605 269.439344707046,359.529775798382,2.99992605 271.481685079741,363.684103979255,2.99992605 273.707224041397,367.65447966589,2.99992605 275.934664515325,371.27499798156,2.99992605 277.982709424838,374.379754049534,2.99992605 279.670061693247,376.802842993085,2.99992605 281.2375,378.9404,2.99992605)"
        color="rgba(0,0,0,1)"/>
      <vertex
        id="45"
        position="274.5 336.828"
        color="rgba(0,0,0,1)"/>
      <vertex
        id="46"
        position="281.238 378.94"
        color="rgba(0,0,0,1)"/>
      <edge
        id="50"
        startvertex="48"
        endvertex="49"
        curve="xywdense(5 281.2375,336.8279,2.99992605 281.576513566683,340.798918149607,2.99992605 281.912630906281,345.142129343013,2.99992605 282.096777743006,347.722163367066,2.99992605 282.281911177821,350.505531732285,2.99992605 282.46072707583,353.44052098087,2.99992605 282.625921302135,356.475417655021,2.99992605 282.77018972184,359.558508296938,2.99992605 282.886228200049,362.63807944882,2.99992605 282.966732601866,365.662417652868,2.99992605 283.004398792395,368.579809451281,2.99992605 283.077065081807,371.47066103469,2.99992605 282.922,373.8869,2.99992605 281.218319622598,376.031729057658,2.99992605 279.553,377.2559,2.99992605)"
        color="rgba(0,0,0,1)"/>
      <vertex
        id="48"
        position="281.238 336.828"
        color="rgba(0,0,0,1)"/>
      <vertex
        id="49"
        position="279.553 377.256"
        color="rgba(0,0,0,1)"/>
      <edge
        id="53"
        startvertex="51"
        endvertex="52"
        curve="xywdense(5 261.0235,373.8869,2.99992605 258.831860745771,373.198459326172,2.99992605 255.985560644013,372.30768125,2.99992605 253.433743157461,371.515604345703,2.99992605 250.748273863774,370.68898203125,2.99992605 247.75925794406,369.775996191406,2.99992605 244.6411200507,368.8334,2.99992605 241.482204968256,367.890803808594,2.99992605 238.37085748129,366.97781796875,2.99992605 235.395422374363,366.124052832031,2.99992605 232.644244432038,365.35911875,2.99992605 228.168039179442,364.21418515625,2.99992605 225.649,363.7799,2.99992605 224.8254217525,366.251899601099,2.99992605 224.090837298852,369.479118085164,2.99992605 223.792951327761,372.662170398974,2.99992605 224.872620729089,375.858517164034,2.99992605 227.323703321974,378.715253991176,2.99992605 229.499472300223,380.150963096012,2.99992605 232.235723826997,381.073397737367,2.99992605 235.226282636442,381.958060244057,2.99992605 239.436509876062,383.09159227158,2.99992605 243.415231540636,384.025099798827,2.99992605 247.24449745194,384.758186542057,2.99992605 251.006357431752,385.290456217531,2.99992605 254.782861301848,385.621512541506,2.99992605 258.656058884005,385.750959230243,2.99992605 262.708,385.6784,2.99992605 265.307742918331,384.572098862778,2.99992605 268.060340927406,382.261854544691,2.99992605 270.242393472777,379.975382954259,2.99992605 271.1305,378.9404,2.99992605)"
        color="rgba(0,0,0,1)"/>
      <vertex
        id="51"
        position="261.024 373.887"
        color="rgba(0,0,0,1)"/>
      <vertex
        id="52"
        position="271.13 378.94"
        color="rgba(0,0,0,1)"/>
      <edge
        id="56"
        startvertex="54"
        endvertex="55"
        curve="xywdense(5 250.9165,405.8924,2.99992605 247.101520409347,405.808511791133,2.99992605 243.092245298775,405.774590077125,2.99992605 238.356846091591,405.809073109689,2.99992605 233.401622372958,405.959253253542,2.99992605 228.73287372804,406.2724228734,2.99992605 224.856899741999,406.795874333981,2.99992605 222.28,407.5769,2.99992605 220.916936414276,410.286119244517,2.99992605 220.259758249622,412.823393561351,2.99992605 219.716367523496,415.353305045681,2.99992605 219.263603445994,418.003621630166,2.99992605 218.826285741333,422.002674617261,2.99992605 222.688026792393,424.14143350068,2.99992605 225.964714702563,424.930432439496,2.99992605 229.82128897561,425.656124536685,2.99992605 233.998577126706,426.227538566787,2.99992605 238.237406671022,426.553703304347,2.99992605 242.27860512373,426.543647523903,2.99992605 245.863,426.1064,2.99992605 250.054304301004,424.019172964691,2.99992605 252.177078803933,422.304081967224,2.99992605 254.193829047051,420.384707577155,2.99992605 256.011475659288,418.443575989942,2.99992605 258.677140506833,415.226146005908,2.99992605 257.675670927789,412.598643608317,2.99992605 255.97,410.9459,2.99992605)"
        color="rgba(0,0,0,1)"/>
      <vertex
        id="54"
        position="250.916 405.892"
        color="rgba(0,0,0,1)"/>
      <vertex
        id="55"
        position="255.97 410.946"
        color="rgba(0,0,0,1)"/>
      <edge
        id="59"
        startvertex="57"
        endvertex="58"
        curve="xywdense(5 277.8685,429.4754,2.99992605 277.682802362092,432.572464172552,2.99992605 277.520316928923,435.914082823535,2.99992605 277.373306298912,439.980237793472,2.99992605 277.288194881537,444.417788039225,2.99992605 277.311407086276,448.873592517656,2.99992605 277.489367322604,452.994510185627,2.99992605 277.8685,456.4274,2.99992605 280.271707456574,458.725127823713,2.99992605 282.922,459.7964,2.99992605 286.707725247272,460.783802993771,2.99992605 290.173222674377,461.421848754552,2.99992605 292.960983764293,461.668295138056,2.99992605 295.40570368867,460.131231203442,2.99992605 296.073773622741,457.165769061432,2.99992605 296.587854385537,453.005467641848,2.99992605 296.935731456301,449.995217383405,2.99992605 296.985265921221,446.466539402058,2.99992605 295.797809895185,443.922923440365,2.99992605 292.673566092742,442.373583289515,2.99992605 290.172362378573,441.269218394334,2.99992605 287.9755,439.5824,2.99992605 286.490423441146,437.170761164882,2.99992605 285.438848614352,434.397262702117,2.99992605 284.6065,431.1599,2.99992605)"
        color="rgba(0,0,0,1)"/>
      <vertex
        id="57"
        position="277.868 429.475"
        color="rgba(0,0,0,1)"/>
      <vertex
        id="58"
        position="284.606 431.16"
        color="rgba(0,0,0,1)"/>
      <edge
        id="62"
        startvertex="60"
        endvertex="61"
        curve="xywdense(5 299.767,380.6249,2.99992605 301.91161972556,378.367889017251,2.99992605 304.301408079176,375.919238782346,2.99992605 307.310860934828,372.921704046004,2.99992605 310.745987423626,369.623693803911,2.99992605 314.412796676681,366.273617051754,2.99992605 318.117297825103,363.119882785222,2.99992605 321.6655,360.4109,2.99992605 324.382053834135,359.727234340685,2.99992605 327.334418162979,359.988782925075,2.99992605 329.151395224867,361.763445811656,2.99992605 330.116501184221,365.329449892938,2.99992605 330.088,368.8334,2.99992605 329.048879115197,371.39982671978,2.99992605 327.483132279758,373.953675233079,2.99992605 325.53531930444,376.053011129839,2.99992605 322.073564194363,377.295532063987,2.99992605 318.116911407399,378.380852788152,2.99992605 315.084646909994,378.909736368717,2.99992605 312.209917016994,379.22258700504,2.99992605 309.135820499621,379.55007916762,2.99992605 306.051785955203,379.822165109417,2.99992605 303.010659524541,380.043977637774,2.99992605 300.065287348439,380.220649560036,2.99992605 297.268515567699,380.357313683546,2.99992605 294.673190323122,380.45910281565,2.99992605 290.298264005665,380.578587335013,2.99992605 286.291,380.6249,2.99992605)"
        color="rgba(0,0,0,1)"/>
      <vertex
        id="60"
        position="299.767 380.625"
        color="rgba(0,0,0,1)"/>
      <vertex
        id="61"
        position="286.291 380.625"
        color="rgba(0,0,0,1)"/>
      <edge
        id="65"
        startvertex="63"
        endvertex="64"
        curve="xywdense(5 309.874,399.1544,2.99992605 314.169752570097,399.135560403039,2.99992605 318.678664975181,399.158556224447,2.99992605 321.272319868034,399.191733757761,2.99992605 323.996465186924,399.24453607477,2.99992605 326.779369406223,399.320841951942,2.99992605 329.549301000302,399.424530165746,2.99992605 332.234528443534,399.559479492648,2.99992605 334.76332021029,399.729568709116,2.99992605 339.064670611864,400.190681916621,2.99992605 341.8795,400.8389,2.99992605 342.959163891286,404.671632742022,2.99992605 343.481763930298,408.885058172966,2.99992605 343.657203185679,412.062739015158,2.99992605 340.223615826457,413.696324679888,2.99992605 337.425998080135,414.251292340139,2.99992605 334.137341469012,414.723220752445,2.99992605 330.553079674262,415.038827820696,2.99992605 326.86864637706,415.124831448779,2.99992605 323.279475258582,414.907949540585,2.99992605 319.981,414.3149,2.99992605 317.466613515857,413.322244745305,2.99992605 314.87476309983,411.758371487999,2.99992605 312.33265557274,409.840134622916,2.99992605 309.967497755405,407.784388544888,2.99992605 307.906496468644,405.80798764875,2.99992605 304.8205,402.5234,2.99992605)"
        color="rgba(0,0,0,1)"/>
      <vertex
        id="63"
        position="309.874 399.154"
        color="rgba(0,0,0,1)"/>
      <vertex
        id="64"
        position="304.82 402.523"
        color="rgba(0,0,0,1)"/>
      <edge
        id="68"
        startvertex="66"
        endvertex="67"
        curve="xywdense(5 421.051,404.2079,2.99992605 416.258862271119,403.659116257729,2.99992605 413.477490230036,403.343182566548,2.99992605 410.695275660198,403.030057304549,2.99992605 406.547088222996,402.578579230639,2.99992605 406.961259548563,405.16590215044,2.99992605 408.169253721383,407.7983875039,2.99992605 409.6610618742,410.8710204744,2.99992605 411.313237292742,414.0582946356,2.99992605 413.002333262737,417.03470356116,2.99992605 414.604903069914,419.47474082474,2.99992605 416.725971141141,421.292651797052,2.99992605 419.49429315224,421.199547054183,2.99992605 422.873933859178,420.591797400398,2.99992605 425.500268130854,419.768002281753,2.99992605 426.584223191466,417.161519263256,2.99992605 426.664337371102,413.459992332425,2.99992605 426.464532865187,409.764794235381,2.99992605 425.273538237473,407.48041109577,2.99992605 422.624113742171,407.516594434857,2.99992605 421.051,407.5769,2.99992605)"
        color="rgba(0,0,0,1)"/>
      <vertex
        id="66"
        position="421.051 404.208"
        color="rgba(0,0,0,1)"/>
      <vertex
        id="67"
        position="421.051 407.577"
        color="rgba(0,0,0,1)"/>
      <edge
        id="71"
        startvertex="69"
        endvertex="70"
        curve="xywdense(5 404.206,389.0474,2.99992605 400.657508852155,388.867908852155,2.99992605 397.845119333674,388.371706833674,2.99992605 394.103354390285,385.607775358819,2.99992605 391.204067637662,382.030736363951,2.99992605 388.781090153285,378.053125530433,2.99992605 387.696331128877,375.79728609094,2.99992605 386.668385912157,373.301120191894,2.99992605 385.6765,370.5179,2.99992605 384.86851618972,366.306896723367,2.99992605 384.829575742697,362.088655639313,2.99992605 385.214097424326,358.716036735602,2.99992605 387.899711564023,357.010067959566,2.99992605 390.620293599998,357.360654208666,2.99992605 393.183708630121,358.140358880291,2.99992605 395.523550883199,360.076845388345,2.99992605 397.921789510862,362.843183615982,2.99992605 399.89518427201,365.991298542654,2.99992605 401.655303548808,369.874606285685,2.99992605 402.52461520106,372.355088365239,2.99992605 403.235405184785,374.671479989703,2.99992605 403.727351113357,377.242064092013,2.99992605 404.036411315997,379.781397752097,2.99992605 404.262168664598,384.235295526258,2.99992605 404.206,387.3629,2.99992605)"
        color="rgba(0,0,0,1)"/>
      <vertex
        id="69"
        position="404.206 389.047"
        color="rgba(0,0,0,1)"/>
      <vertex
        id="70"
        position="404.206 387.363"
        color="rgba(0,0,0,1)"/>
      <edge
        id="74"
        startvertex="72"
        endvertex="73"
        curve="xywdense(5 422.7355,383.9939,2.99992605 423.55874232286,381.290330163514,2.99992605 424.476481699113,378.450940931588,2.99992605 425.632687860961,375.099880436036,2.99992605 426.953151790189,371.59719738598,2.99992605 428.363664468581,368.302940490541,2.99992605 429.790016877923,365.57715845884,2.99992605 432.172827434762,363.274543025008,2.99992605 435.771259404891,362.794632905388,2.99992605 440.135031449579,362.892273614329,2.99992605 443.672508297325,363.411240017526,2.99992605 445.393795223596,365.318309326547,2.99992605 446.059330273997,368.230464655952,2.99992605 446.433325187399,371.444087657382,2.99992605 446.115387890946,374.333717389239,2.99992605 443.776505137035,376.377359305685,2.99992605 441.265,377.2559,2.99992605 436.619210641741,377.597431474888,2.99992605 431.772125203171,377.757742167183,2.99992605 426.976709847053,377.778652257482,2.99992605 422.485930736152,377.701981926385,2.99992605 418.552754033232,377.569551354489,2.99992605 415.430145901057,377.423180722394,2.99992605 412.6285,377.2559,2.99992605)"
        color="rgba(0,0,0,1)"/>
      <vertex
        id="72"
        position="422.736 383.994"
        color="rgba(0,0,0,1)"/>
      <vertex
        id="73"
        position="412.629 377.256"
        color="rgba(0,0,0,1)"/>
      <edge
        id="77"
        startvertex="75"
        endvertex="76"
        curve="xywdense(5 390.73,400.8389,2.99992605 387.227416052819,400.521704142899,2.99992605 383.491487130286,400.204677299186,2.99992605 379.003401140851,399.852669381064,2.99992605 374.19135875881,399.518659040309,2.99992605 369.483560658457,399.255624928697,2.99992605 365.308207514089,399.116545698002,2.99992605 362.0935,399.1544,2.99992605 360.674759504698,401.337679195901,2.99992605 360.186037931054,404.633553888147,2.99992605 359.817393126452,408.212914298445,2.99992605 359.703562114932,411.305813122289,2.99992605 360.026674514925,414.354012241529,2.99992605 360.706847699325,416.815633967715,2.99992605 362.335452852058,419.096924337388,2.99992605 364.639392296226,420.736093577499,2.99992605 368.588629112838,421.804164008384,2.99992605 371.825940411506,422.169612022205,2.99992605 374.82940650442,421.976704024923,2.99992605 377.254,421.0529,2.99992605 379.453373969913,419.248873342975,2.99992605 381.740513792526,416.833609554983,2.99992605 383.997983117214,414.069641723941,2.99992605 386.108345593356,411.219502937763,2.99992605 387.954164870328,408.545726284364,2.99992605 389.418004597509,406.310844851661,2.99992605 390.73,404.2079,2.99992605)"
        color="rgba(0,0,0,1)"/>
      <vertex
        id="75"
        position="390.73 400.839"
        color="rgba(0,0,0,1)"/>
      <vertex
        id="76"
        position="390.73 404.208"
        color="rgba(0,0,0,1)"/>
      <edge
        id="80"
        startvertex="78"
        endvertex="79"
        curve="xywdense(5 404.206,429.4754,2.99992605 403.397202693934,431.860664051837,2.99992605 402.492102707377,434.579457597194,2.99992605 401.347332183825,438.082104138231,2.99992605 400.033488887295,442.193412661989,2.99992605 398.621170581803,446.73819215551,2.99992605 397.900145101951,449.118386324381,2.99992605 397.180975031366,451.541251605833,2.99992605 396.403688420104,454.118279686284,2.99992605 395.7835,456.4274,2.99992605 395.600089978832,459.087197316441,2.99992605 398.508005684931,460.259175993151,2.99992605 401.572717633776,460.067803885381,2.99992605 404.760866963733,458.841739061176,2.99992605 407.602573741546,457.038434214346,2.99992605 409.2595,454.7429,2.99992605 409.981527848033,452.145573647715,2.99992605 410.536111370619,449.29915751008,2.99992605 410.933906252191,446.33827881581,2.99992605 411.185568177182,443.397564793621,2.99992605 411.301752830025,440.61164267223,2.99992605 411.170313057001,436.042683046703,2.99992605 408.759489531324,433.768131328446,2.99992605 406.306406218794,433.240716922067,2.99992605 404.206,432.8444,2.99992605)"
        color="rgba(0,0,0,1)"/>
      <vertex
        id="78"
        position="404.206 429.475"
        color="rgba(0,0,0,1)"/>
      <vertex
        id="79"
        position="404.206 432.844"
        color="rgba(0,0,0,1)"/>
      <edge
        id="83"
        startvertex="81"
        endvertex="82"
        curve="xywdense(5 434.527,432.8444,2.99992605 436.436729841902,434.994056389886,2.99992605 439.289101819837,437.74317627481,2.99992605 442.797021105627,440.343918207876,2.99992605 446.907934565462,442.017790649699,2.99992605 451.7886324152,442.93267674224,2.99992605 456.236333618696,443.230044949412,2.99992605 459.198916250356,443.107906139739,2.99992605 459.750933926631,439.322960114999,2.99992605 459.30762483392,435.174874755764,2.99992605 458.574314012564,431.88388171838,2.99992605 455.989654204044,430.350930022426,2.99992605 452.798523779412,429.657514267647,2.99992605 448.953782582721,429.077282049632,2.99992605 444.872604470588,428.607862682353,2.99992605 440.972163299632,428.246885479779,2.99992605 437.669632926471,427.991979755882,2.99992605 434.527,427.7909,2.99992605)"
        color="rgba(0,0,0,1)"/>
      <vertex
        id="81"
        position="434.527 432.844"
        color="rgba(0,0,0,1)"/>
      <vertex
        id="82"
        position="434.527 427.791"
        color="rgba(0,0,0,1)"/>
      <edge
        id="86"
        startvertex="84"
        endvertex="85"
        curve="xywdense(5 446.3185,400.8389,2.99992605 448.745463638737,397.444303147092,2.99992605 450.359756619536,395.337228920309,2.99992605 452.205861272894,393.075613578487,2.99992605 454.181273071978,390.859395035348,2.99992605 456.183487489957,388.888511204612,2.99992605 459.021187397451,386.958093429726,2.99992605 462.83233707518,386.669097920409,2.99992605 466.068513793331,387.160629750632,2.99992605 466.834806893106,389.582466599655,2.99992605 466.785085846043,393.003397413107,2.99992605 464.281988339805,394.861615337258,2.99992605 460.872912075835,395.689228531277,2.99992605 456.754849818579,396.531858105497,2.99992605 452.37738017852,397.337622583357,2.99992605 448.190081766147,398.054640488298,2.99992605 444.642533191945,398.631030343759,2.99992605 441.265,399.1544,2.99992605)"
        color="rgba(0,0,0,1)"/>
      <vertex
        id="84"
        position="446.319 400.839"
        color="rgba(0,0,0,1)"/>
      <vertex
        id="85"
        position="441.265 399.154"
        color="rgba(0,0,0,1)"/>
      <edge
        id="89"
        startvertex="87"
        endvertex="88"
        curve="xywdense(5 599.608,358.7264,2.99992605 600.59031989246,363.346414953178,2.99992605 601.073178447527,365.830857725052,2.99992605 601.568291204613,368.573342099708,2.99992605 602.106083874088,371.756175556517,2.99992605 602.648644713227,375.25768987514,2.99992605 603.175146342578,379.032210760165,2.99992605 603.664761382688,383.03406391618,2.99992605 604.096662454106,387.217575047773,2.99992605 604.45002217738,391.537069859533,2.99992605 604.704013173059,395.946874056047,2.99992605 604.83780806169,400.401313341904,2.99992605 604.810112018438,405.036139774072,2.99992605 604.6615,409.2614,2.99992605 604.41982199605,412.327535682248,2.99992605 604.08195808282,414.849113832451,2.99992605 603.136162746891,419.352740234181,2.99992605 601.909550261184,423.147765587344,2.99992605 600.487556894672,426.609676274093,2.99992605 598.955618916327,430.11395867658,2.99992605 597.399172595118,434.036099176958,2.99992605 595.903654200019,438.751584157381,2.99992605 595.17633970067,441.716973455666,2.99992605 594.5545,444.6359,2.99992605 593.90277999433,448.979682948813,2.99992605 593.673578253172,452.535552990691,2.99992605 593.718658145081,455.558211872129,2.99992605 593.889783038609,458.30236133962,2.99992605 594.038716302312,461.022703139659,2.99992605 594.017221304742,463.973939018739,2.99992605 593.677061414453,467.410770723355,2.99992605 592.87,471.5879,2.99992605 592.174418767241,474.305712683292,2.99992605 591.353500282047,477.182548703646,2.99992605 590.475733643648,479.936943452483,2.99992605 589.543740848109,482.631864676785,2.99992605 588.576610667285,485.244172034644,2.99992605 587.593431873031,487.750725184151,2.99992605 585.655283531653,492.354007490476,2.99992605 583.882005998818,496.256588860491,2.99992605 582.42630944937,499.273346558928,2.99992605 581.0785,501.9089,2.99992605)"
        color="rgba(0,0,0,1)"/>
      <vertex
        id="87"
        position="599.608 358.726"
        color="rgba(0,0,0,1)"/>
      <vertex
        id="88"
        position="581.079 501.909"
        color="rgba(0,0,0,1)"/>
      <edge
        id="92"
        startvertex="90"
        endvertex="91"
        curve="xywdense(5 535.597,400.8389,2.99992605 532.258266065978,400.665189377595,2.99992605 529.798103039177,402.806575979655,2.99992605 529.074213390925,405.940065516066,2.99992605 528.66384204721,409.049722294445,2.99992605 529.460784977078,411.607903693445,2.99992605 531.596972698572,412.998064485678,2.99992605 534.729906160547,414.353578199687,2.99992605 538.563491823844,415.527022893059,2.99992605 542.916857759157,416.367420657848,2.99992605 547.372280831295,416.687425419223,2.99992605 551.162723607253,416.586835143058,2.99992605 554.1265,415.9994,2.99992605 554.283532602874,413.034635508984,2.99992605 553.906743015385,409.433978837711,2.99992605 553.062011599685,405.752530344338,2.99992605 551.895619947833,403.313333600914,2.99992605 549.485905085427,401.01017761883,2.99992605 546.611672001915,399.461865565562,2.99992605 543.533257699279,399.524019666312,2.99992605 540.6505,400.8389,2.99992605)"
        color="rgba(0,0,0,1)"/>
      <vertex
        id="90"
        position="535.597 400.839"
        color="rgba(0,0,0,1)"/>
      <vertex
        id="91"
        position="540.651 400.839"
        color="rgba(0,0,0,1)"/>
      <edge
        id="95"
        startvertex="93"
        endvertex="94"
        curve="xywdense(5 527.1745,378.9404,2.99992605 524.959216028267,377.016483759778,2.99992605 522.166344422112,374.154654182963,2.99992605 519.603520647447,370.654931482869,2.99992605 517.928094689474,366.052455598617,2.99992605 517.314678989203,363.107147413349,2.99992605 516.894128495564,360.146051179193,2.99992605 516.648818804931,357.317742631146,2.99992605 516.561125513683,354.770797504206,2.99992605 516.788090514841,351.115300453635,2.99992605 519.846104587442,349.795750903543,2.99992605 522.426667376242,349.651201559681,2.99992605 525.357084286059,349.589008789261,2.99992605 528.30411566012,349.616177420183,2.99992605 530.934521841647,349.739712280348,2.99992605 533.9125,350.3039,2.99992605 534.743541561217,354.254525934151,2.99992605 534.80406340932,359.026801947543,2.99992605 534.649959466697,361.717881963391,2.99992605 534.356806453464,364.462649715103,2.99992605 533.9125,367.1489,2.99992605 532.792822308025,370.115257209876,2.99992605 531.092355940467,372.827120297668,2.99992605 528.859,375.5714,2.99992605)"
        color="rgba(0,0,0,1)"/>
      <vertex
        id="93"
        position="527.175 378.94"
        color="rgba(0,0,0,1)"/>
      <vertex
        id="94"
        position="528.859 375.571"
        color="rgba(0,0,0,1)"/>
      <edge
        id="98"
        startvertex="96"
        endvertex="97"
        curve="xywdense(5 522.121,392.4164,2.99992605 521.409852455991,394.934409836267,2.99992605 520.4365,397.4699,2.99992605 515.548819472277,397.391445978629,2.99992605 512.139649054585,397.149152665325,2.99992605 508.467358686745,396.777944381188,2.99992605 504.817273483062,396.282668049403,2.99992605 501.474718557841,395.668170593153,2.99992605 498.725019025385,394.939298935624,2.99992605 496.327982500221,393.278777107081,2.99992605 495.478885423648,389.655306505577,2.99992605 494.989736918251,385.046262067409,2.99992605 494.969374592665,381.435714893645,2.99992605 497.19238927509,379.752280106871,2.99992605 501.134978171072,378.868187055822,2.99992605 505.463577981519,378.441325476862,2.99992605 508.645,378.9404,2.99992605 510.574128568707,380.498711251862,2.99992605 512.351347634501,382.303321863401,2.99992605 514.317493629689,384.772791263959,2.99992605 516.197572897334,387.404288878578,2.99992605 517.870549302813,389.925331633375,2.99992605 519.2153867115,392.063436454467,2.99992605 520.4365,394.1009,2.99992605)"
        color="rgba(0,0,0,1)"/>
      <vertex
        id="96"
        position="522.121 392.416"
        color="rgba(0,0,0,1)"/>
      <vertex
        id="97"
        position="520.437 394.101"
        color="rgba(0,0,0,1)"/>
      <edge
        id="101"
        startvertex="99"
        endvertex="100"
        curve="xywdense(5 552.442,383.9939,2.99992605 554.051781548874,380.156250403012,2.99992605 555.152592091732,377.777884462062,2.99992605 556.440984873124,375.228989213353,2.99992605 557.860244228199,372.736991894819,2.99992605 559.353654492108,370.529319744391,2.99992605 561.853596546029,368.193250282609,2.99992605 564.679493625214,367.331897369663,2.99992605 567.818851794653,366.961501276594,2.99992605 570.9715,367.1489,2.99992605 572.128483012509,369.571992094545,2.99992605 572.686055324951,372.81379527451,2.99992605 572.455460556942,375.541563083761,2.99992605 571.849296579372,378.751701440995,2.99992605 570.99103482244,381.514653416787,2.99992605 569.287,383.9939,2.99992605 565.262296492005,385.069495275497,2.99992605 562.506436450005,385.37312815156,2.99992605 559.626569104004,385.558276355997,2.99992605 556.901443120003,385.653158765936,2.99992605 552.442,385.6784,2.99992605)"
        color="rgba(0,0,0,1)"/>
      <vertex
        id="99"
        position="552.442 383.994"
        color="rgba(0,0,0,1)"/>
      <vertex
        id="100"
        position="552.442 385.678"
        color="rgba(0,0,0,1)"/>
      <edge
        id="104"
        startvertex="102"
        endvertex="103"
        curve="xywdense(5 522.121,419.3684,2.99992605 519.327500433238,420.416114777644,2.99992605 516.369942218572,421.569748020583,2.99992605 512.846792821969,423.004556073719,2.99992605 509.11426307262,424.616532117639,2.99992605 505.528563799715,426.301669332933,2.99992605 502.445905832445,427.955960900191,2.99992605 500.2225,429.4754,2.99992605 499.52014808629,431.962204049683,2.99992605 499.541952600599,434.521440552067,2.99992605 500.2225,437.8979,2.99992605 502.113380844826,439.955294783526,2.99992605 504.423016755519,441.05996137956,2.99992605 507.395279593956,441.597835451632,2.99992605 511.745056479174,441.995009426105,2.99992605 515.597942399871,442.013971455857,2.99992605 518.179719882932,441.624382293284,2.99992605 519.684120497484,439.068838367295,2.99992605 520.592189174875,435.527533927455,2.99992605 521.445312942578,431.147331174432,2.99992605 522.212598711,426.432574602182,2.99992605 522.863153390547,421.887608704659,2.99992605 523.366083891625,418.016777975818,2.99992605 523.8055,414.3149,2.99992605)"
        color="rgba(0,0,0,1)"/>
      <vertex
        id="102"
        position="522.121 419.368"
        color="rgba(0,0,0,1)"/>
      <vertex
        id="103"
        position="523.806 414.315"
        color="rgba(0,0,0,1)"/>
      <edge
        id="107"
        startvertex="105"
        endvertex="106"
        curve="xywdense(5 549.073,432.8444,2.99992605 549.387192448867,436.419634116127,2.99992605 550.123060331444,441.171951651878,2.99992605 550.712745418187,443.681443335803,2.99992605 552.442,448.0049,2.99992605 554.28012949312,450.240475129818,2.99992605 556.578111329272,451.915230536059,2.99992605 559.334787500788,453.319320674271,2.99992605 562.549,454.7429,2.99992605 565.325639614292,455.333721939435,2.99992605 568.654937101741,453.945682621127,2.99992605 570.720303535253,452.078517661999,2.99992605 572.545456138203,449.919243993011,2.99992605 573.905350745872,447.553699484544,2.99992605 574.565191048167,445.019607588604,2.99992605 574.520198258946,441.941310678103,2.99992605 573.977772843249,438.905776523482,2.99992605 572.656,436.2134,2.99992605 570.163958982655,435.205197850595,2.99992605 566.641511795941,434.261417377404,2.99992605 562.508662027022,433.40363554938,2.99992605 558.185413263059,432.653429335471,2.99992605 554.091769091213,432.032375704628,2.99992605 550.647733098647,431.562051625801,2.99992605 547.3885,431.1599,2.99992605)"
        color="rgba(0,0,0,1)"/>
      <vertex
        id="105"
        position="549.073 432.844"
        color="rgba(0,0,0,1)"/>
      <vertex
        id="106"
        position="547.389 431.16"
        color="rgba(0,0,0,1)"/>
      <edge
        id="110"
        startvertex="108"
        endvertex="109"
        curve="xywdense(5 565.918,402.5234,2.99992605 569.966570805315,403.597903059291,2.99992605 574.140757759966,404.696015111171,2.99992605 578.960188814174,405.950241491444,2.99992605 581.427177846946,406.584852393845,2.99992605 583.83384626661,407.197237685285,2.99992605 588.170712415945,408.273659177874,2.99992605 591.379769560852,409.016161454386,2.99992605 592.522898827791,406.122375984903,2.99992605 592.021282887065,402.451409496072,2.99992605 591.453744574958,399.653686736712,2.99992605 589.027702826145,399.12723022668,2.99992605 586.193675569835,398.981942898278,2.99992605 582.362253197745,399.233573591957,2.99992605 578.232239395409,399.609396465136,2.99992605 574.247445668647,400.033626030174,2.99992605 570.851683523278,400.430476799426,2.99992605 567.6025,400.8389,2.99992605)"
        color="rgba(0,0,0,1)"/>
      <vertex
        id="108"
        position="565.918 402.523"
        color="rgba(0,0,0,1)"/>
      <vertex
        id="109"
        position="567.603 400.839"
        color="rgba(0,0,0,1)"/>
    </objects>
  </layer>
</vec>
