<?xml version="1.0" encoding="UTF-8"?>
<!-- Created with VPaint (http://www.vpaint.org) -->

<vec
  version="1.7">
  <playback
    framerange="0 47"
    fps="24"
    subframeinbetweening="off"
    playmode="normal"/>
  <canvas
    position="0 0"
    size="1280 720"/>
  <layer
    name="Layer 1"
    visible="true">
    <background
      color="rgba(255,255,255,1)"
      image=""
      position="0 0"
      size="cover"
      repeat="norepeat"
      opacity="1"
      hold="yes"/>
    <objects>
      <edge
        id="7"
        startvertex="0"
        endvertex="6"
        curve="xywdense(5 398,60,10 396.333838272976,63.1702503021847,10 394.828423356753,66.5847021750601,10 393.334064286501,70.040292785306,10 391.828829388867,73.4935044688422,10 390.315881087798,76.9327417116169,10 389.05445464988,79.7648353943382,10)"
        color="rgba(0,0,0,1)"/>
      <vertex
        id="0"
        position="398 60"
        color="rgba(0,0,0,1)"/>
      <edge
        id="23"
        startvertex="21"
        endvertex="1"
        curve="xywdense(5 282.430608466631,260.450336340497,10 280.530250826975,264.402241523371,10 279.076343342772,267.844436972551,10 277.801790506894,271.354731721873,10 276.734885223789,274.935241939582,10 275.90128349269,278.578966032635,10 275.324315447046,282.27530197077,10 275.022902583318,286.004680996841,10 275.006162131018,289.748473802926,10 275.270752085584,293.484034147867,10 275.80852589674,297.191249461349,10 276.595719028645,300.854757839821,10 277.611632523169,304.461767461792,10 278.83720899173,308.004046978954,10 280.248082769945,311.478764872597,10 281.819034442747,314.886791316803,10 283.526836624766,318.230458064674,10 285.352202976772,321.514801250657,10 287.27270046259,324.73870404678,10 289.268067201483,327.908820287469,10 291.321149405048,331.034795715797,10 293.417337624221,334.125962545229,10 295.544754227607,337.190801709123,10 297.694215065923,340.236603543352,10 299.859111125307,343.269245039392,10 302.035298510373,346.293019418138,10 304.221044704225,349.310471116306,10 306.416737728534,352.321988445804,10 308.625114603443,355.3252201289,10 310.840033705131,358.315240322945,10 313.05707896968,361.298031180694,10 315.273369476909,364.278842212395,10 317.487593856999,367.261563371189,10 319.699469317124,370.248301673616,10 321.911292727155,373.24133711198,10 324.119794530847,376.230186673296,10 326.330301973709,379.213733970201,10 328.545517487592,382.194599582124,10 330.765755625267,385.17586910336,10 332.990316109454,388.160272745793,10 335.218128932386,391.150006765455,10 337.447626550095,394.146656553826,10 339.676640806133,397.153056954844,10 341.903808492679,400.157480181299,10 344.142796976932,403.148842255178,10 346.39560225903,406.129591944932,10 348.658158835343,409.102974256609,10 350.926164893023,412.070817935423,10 353.196748050728,415.03340815976,10 355.468505081557,417.989902170511,10 357.740542021629,420.939085334714,10 360.002985885675,423.873083724957,10 362.237180613142,426.786503196432,10 364.436131234472,429.67664417257,10 366.604595891273,432.532427395819,10 368.7613054274,435.331475947563,10 370.94381897235,438.03310636308,10 373.2128574472,440.572590128308,10 375.661648200844,442.855240918515,10 378.414393028708,444.739320433553,10 381.586122593373,446.063246975502,10 385.198895425296,446.665537154301,10 389.057382059531,446.398199640531,10 392.85587244041,445.283210930763,10 396.42217125146,443.549041501243,10 399.743633429973,441.414650151801,10 402.8457639488,439.010731170891,10 405.759627056588,436.414165452599,10 408.539152086048,433.691393113943,10 411.215631238636,430.883493791125,10 413.812895286993,428.017418458514,10 416.350341159186,425.112136902255,10 418.844043563688,422.181760637513,10 421.307438106677,419.237296928154,10 423.751514903339,416.28754661623,10 426.184447693115,413.339385543163,10 428.61046145778,410.397604248917,10 431.028250048204,407.463463736347,10 433.440385064273,404.532456819448,10 435.85433589197,401.604060695296,10 438.273603866292,398.680647008195,10 440.700358845152,395.763842549367,10 443.135008690486,392.854639117987,10 445.576222298034,389.954644260003,10 448.023133757625,387.071682967224,10 450.485912288689,384.217370480924,10 452.973613135656,381.387701074731,10 455.483129268162,378.581635171988,10 458.004686807069,375.795550480142,10 460.524815679944,373.033123442906,10 463.045631172026,370.309362495676,10 465.561057329408,367.607554117479,10 468.043889911755,364.907796775177,10 470.579453482788,362.202470626141,10 472.949849524507,359.618736461023,10 475,357,10)"
        color="rgba(0,0,0,1)"/>
      <vertex
        id="1"
        position="475 357"
        color="rgba(0,0,0,1)"/>
      <edge
        id="5"
        startvertex="3"
        endvertex="4"
        curve="xywdense(5 464,51,10 464,54.77890969163,10 464,58.5534603803339,10 464,62.3243211167406,10 464,66.0966828201064,10 464,69.8698579149357,10 464,73.6434515742789,10 464,77.4169904243926,10 464,81.187697042704,10 464,84.9567255031985,10 464,88.7252500230373,10 464,92.49375000999,10 464,96.2624052657343,10 464,100.031268986998,10 464,103.800342138354,10 464,107.56960550535,10 464.000035386831,111.338661652118,10 464.000690026101,115.106040699839,10 464.002513064653,118.872444338278,10 464.00550208375,122.638531505326,10 464.009385483513,126.404698967863,10 464.013797320766,130.171172512124,10 464.018367445366,133.938069575032,10 464.022763577975,137.705440531886,10 464.026707530878,141.473295268345,10 464.029978255571,145.241620018762,10 464.032408677418,149.010387908875,10 464.033880004773,152.779565476032,10 464.034336615574,156.548706057074,10 464.034442331146,160.315960269522,10 464.035076790305,164.081745671622,10 464.036375752007,167.846664059856,10 464.038010635429,171.611167253993,10 464.039429510782,175.375580764119,10 464.040015648078,179.140128956598,10 464.039327749133,182.903752760789,10 464.037965175733,186.665758947636,10 464.036222836228,190.427862137267,10 464.033709579736,194.191306411552,10 464.029728061768,197.956917910401,10 464.023508845722,201.725200075671,10 464.014418006383,205.4964206733,10 464.00200837864,209.270684625172,10 463.986050764259,213.04799059989,10 463.966545492385,216.828273582442,10 463.943713101572,220.611435862879,10 463.917977581723,224.397369093059,10 463.889947414273,228.185969786485,10 463.860397561585,231.977150241019,10 463.830254256911,235.77084648741,10 463.800583705875,239.56702456516,10 463.772585458694,243.3656862203,10 463.747591131577,247.166875009126,10 463.727069265669,250.970683771944,10 463.712637342211,254.77726449505,10 463.706082210475,258.586841662182,10 463.709390153784,262.399730175657,10 463.724786764909,266.216358423055,10 463.754782667374,270.037295020155,10 463.802208303008,273.863271258157,10 463.870184288912,277.694554205843,10 463.961844458209,281.533931847832,10 464.080311458808,285.380808623088,10 464.229810287282,289.237696823988,10 464.413998629008,293.105802387636,10 464.636637358369,296.990548860081,10 464.902974421668,300.901919190198,10 465.204920701316,304.852158040276,10 465.546821988561,308.894682712648,10 465.794779824734,311.699999148347,10 466,314,10)"
        color="rgba(0,0,0,1)"/>
      <vertex
        id="3"
        position="464 51"
        color="rgba(0,0,0,1)"/>
      <vertex
        id="4"
        position="466 314"
        color="rgba(0,0,0,1)"/>
      <edge
        id="10"
        startvertex="6"
        endvertex="9"
        curve="xywdense(5 389.05445464988,79.7648353943382,10 392.748997100432,82.0857422624132,10 396.386845530059,84.4808882451113,10 399.978865127105,86.9718726443624,10 403.536115812676,89.5167400723976,10 407.068400107853,92.0956293413138,10 410.585613231724,94.6928211819752,10 414.097810679326,97.2938551120264,10 417.615171703401,99.8845671370073,10 421.147982659619,102.45038888783,10 424.70673537921,104.975244385882,10 428.302828602147,107.438032187099,10 431.777379623019,109.67153206511,10 434,111,10)"
        color="rgba(0,0,0,1)"/>
      <edge
        id="12"
        startvertex="6"
        endvertex="11"
        curve="xywdense(5 389.05445464988,79.7648353943382,10 387.236703615088,83.7955734941788,10 385.665723708402,87.2182483193823,10 384.073304647164,90.6336754341273,10 382.459672147372,94.0411523834739,10 380.825215800538,97.4402266022166,10 379.171820626965,100.828529961284,10 377.50200852298,104.205715201457,10 375.816043196649,107.573589600778,10 374.113607246058,110.932891574848,10 372.394282845412,114.283838456917,10 370.657751658034,117.626422359647,10 368.903841551286,120.960552760633,10 367.132534018302,124.286131150686,10 365.343947609928,127.603084913392,10 364.597130903781,128.971409886021,10)"
        color="rgba(0,0,0,1)"/>
      <vertex
        id="6"
        position="389.054 79.7648"
        color="rgba(0,0,0,1)"/>
      <vertex
        id="9"
        position="434 111"
        color="rgba(0,0,0,1)"/>
      <edge
        id="15"
        startvertex="11"
        endvertex="14"
        curve="xywdense(5 364.597130903781,128.971409886021,10 368.116008169039,130.823774292949,10 371.507603069637,132.939308144371,10 374.839241884721,135.166034622575,10 378.117530616744,137.474729848328,10 381.345454545007,139.854135912136,10 384.52577232298,142.296092996021,10 387.661375338915,144.793573550425,10 390.755317242007,147.340194156773,10 393.810782493036,149.930030705201,10 396.831042176437,152.557513292842,10 399.81940560946,155.217340897412,10 402.779163857262,157.90439250248,10 405.71351172941,160.613616694502,10 408.625418176385,163.339871452691,10 411.517374647452,166.07765178493,10 414.390836824608,168.820543276329,10 417.244798676974,171.559911419057,10 420.071419106301,174.281021352927,10 422.83850384727,176.947846742204,10 425.259453535411,179.298403756489,10 428,182,10)"
        color="rgba(0,0,0,1)"/>
      <edge
        id="17"
        startvertex="11"
        endvertex="16"
        curve="xywdense(5 364.597130903781,128.971409886021,10 363.271397947066,131.385629584,10 361.715969551683,134.211002412822,10 359.878406042348,137.500227459567,10 358.028643459252,140.779657517671,10 356.16815722801,144.050746968039,10 354.297218449561,147.314182622917,10 352.41597322832,150.569794530786,10 350.527344488058,153.816942731029,10 348.632595234111,157.056906781197,10 346.730982043322,160.290100773638,10 344.820860559946,163.516245146624,10 342.900331306138,166.734704602181,10 340.967621453423,169.944722708079,10 339.02128652126,173.1455745225,10 337.061330283908,176.336261348397,10 335.091838673684,179.517636259304,10 333.114606789023,182.691779763139,10 331.129013719815,185.859343737843,10 329.13350301679,189.0200989228,10 327.126409488799,192.173402859871,10 325.556522145181,194.617694103312,10)"
        color="rgba(0,0,0,1)"/>
      <vertex
        id="11"
        position="364.597 128.971"
        color="rgba(0,0,0,1)"/>
      <vertex
        id="14"
        position="428 182"
        color="rgba(0,0,0,1)"/>
      <edge
        id="20"
        startvertex="16"
        endvertex="19"
        curve="xywdense(5 325.556522145181,194.617694103312,10 328.445122809301,196.9884908626,10 331.282619676274,199.489714755698,10 334.102931161027,202.0172820817,10 336.959441978946,204.513498936472,10 339.859164005358,206.970765341103,10 342.794643745453,209.3919399547,10 345.760501152246,211.779834042979,10 348.752900059275,214.136867436854,10 351.768849033885,216.465231895626,10 354.805837357862,218.767001417456,10 357.861650643915,221.044190031792,10 360.934272230624,223.298780929666,10 364.021853352408,225.532702791535,10 367.122642618597,227.747883289351,10 370.23488301007,229.94636831146,10 373.356950141062,232.130099526541,10 376.487267230435,234.301009443553,10 379.624291270201,236.461018104147,10 382.766499097078,238.612028007055,10 385.912372037813,240.755916545817,10 389.060377438634,242.894524608279,10 392.208944493564,245.029638956671,10 395.356429949715,247.162964177036,10 398.501065558553,249.296076552711,10 401.640871432548,251.430345515221,10 404.773502750011,253.566794922478,10 407.895959528648,255.705849953868,10 411.004003374374,257.846871230351,10 414.090958445077,259.98738407189,10 417.137612141168,262.117072074541,10 420.153122560517,264.253729235904,10 423.007124989473,266.300865891292,10 425.651369513557,268.235922404612,10 428,270,10)"
        color="rgba(0,0,0,1)"/>
      <edge
        id="22"
        startvertex="16"
        endvertex="21"
        curve="xywdense(5 325.556522145181,194.617694103312,10 323.072638287806,198.454898475604,10 321.024877533601,201.582142489388,10 318.963616018544,204.699810973268,10 316.888923586419,207.806705388665,10 314.799969568348,210.902894321176,10 312.697067116579,213.989197054276,10 310.58157630857,217.067056964137,10 308.455758245473,220.138475175063,10 306.322668546313,223.20596035501,10 304.186093193687,226.272498978396,10 302.050526794565,229.341547906635,10 299.921191528221,232.417049336618,10 297.804501651473,235.503355419582,10 295.706907028269,238.602615075967,10 293.630584733049,241.715890555222,10 291.580321956557,244.846928131713,10 289.564383851155,248.002117830451,10 287.59488969745,251.189839778331,10 285.68681184505,254.420144799285,10 283.860045941922,257.696719742087,10 282.430608466631,260.450336340497,10)"
        color="rgba(0,0,0,1)"/>
      <vertex
        id="16"
        position="325.557 194.618"
        color="rgba(0,0,0,1)"/>
      <vertex
        id="19"
        position="428 270"
        color="rgba(0,0,0,1)"/>
      <edge
        id="25"
        startvertex="21"
        endvertex="24"
        curve="xywdense(5 282.430608466631,260.450336340497,10 286.014425858855,262.025952725342,10 289.588924406907,263.674444064211,10 293.139991777163,265.382339038357,10 296.658165816808,267.15047411474,10 300.152115107619,268.968214373072,10 303.618492688561,270.84076009151,10 307.055000014129,272.769767076177,10 310.460676305611,274.754347220212,10 313.835396634554,276.792337830593,10 317.179575266377,278.880938373425,10 320.494006067526,281.017024899076,10 323.779770712747,283.197314954952,10 327.03818043636,285.418459819436,10 330.270735340259,287.677098721084,10 333.479093640547,289.969891572341,10 336.665047078681,292.293538628743,10 339.830500537431,294.64479165329,10 342.977454783582,297.020459255476,10 346.107991698585,299.417408067708,10 349.22426158248,301.832560860546,10 352.32847223434,304.262892367204,10 355.422879578907,306.705423381743,10 358.509779652228,309.157213561356,10 361.59150179535,311.615353273572,10 364.670402945548,314.076954769628,10 367.748862969718,316.539142928658,10 370.829281068542,318.999045801005,10 373.914073415648,321.453785183684,10 377.005723481689,323.90040231225,10 380.106666582733,326.335998699423,10 383.219370938119,328.757631415683,10 386.34634620424,331.162313122951,10 389.49016293768,333.547016200686,10 392.653501403731,335.908674402378,10 395.83924854464,338.244192048628,10 399.050698590277,340.550465486701,10 402.291994617724,342.824421206645,10 405.569179390566,345.063046501803,10 408.892838701507,347.263075072863,10 412.265565477772,349.404810581361,10 415.339778476284,351.231118355107,10 417,352,10)"
        color="rgba(0,0,0,1)"/>
      <vertex
        id="21"
        position="282.431 260.45"
        color="rgba(0,0,0,1)"/>
      <vertex
        id="24"
        position="417 352"
        color="rgba(0,0,0,1)"/>
    </objects>
  </layer>
</vec>
