<?xml version="1.0" encoding="UTF-8"?>
<!-- Created with VPaint (http://www.vpaint.org) -->

<vec
  version="1.7">
  <playback
    framerange="0 47"
    fps="24"
    subframeinbetweening="off"
    playmode="normal"/>
  <canvas
    position="0 0"
    size="1280 720"/>
  <layer
    name="New Layer"
    visible="true">
    <background
      color="rgba(0,0,0,0)"
      image=""
      position="0 0"
      size="cover"
      repeat="norepeat"
      opacity="1"
      hold="yes"/>
    <objects>
      <edge
        id="4"
        startvertex="0"
        endvertex="3"
        curve="xywdense(5 554.5,252.5,7.24609375 551.649670303714,249.834316847576,7.24609375 548.964751850722,246.991330303643,7.24609375 546.472176462112,244.035172056991,7.41659585410336 544.180356464435,240.99490320805,7.51829487782618 542.062701227681,237.746325161054,7.59765625 540.098330613073,234.388189627731,7.60974296317252 538.255802323087,231.018541742694,7.63995136439851 536.462502472054,227.705074346511,7.68075356272843 534.667957496072,224.50148918824,7.74798095168167 532.83569543508,221.403949302313,7.82597262742087 530.918707672253,218.425424084916,7.89777215803322 528.793176499785,215.503400573535,7.95378318162879 526.433113054256,212.65237398331,7.98308005662879 523.858947115319,209.865253144222,7.98828125 522.555905671952,208.565690535132,7.98828125)"
        color="rgba(0,0,0,1)"/>
      <vertex
        id="0"
        position="554.5 252.5"
        color="rgba(0,0,0,1)"/>
      <edge
        id="17"
        startvertex="15"
        endvertex="1"
        curve="xywdense(5 581.130350512377,359.768233176102,8.31806436446157 581.219491987618,357.483647209411,8.31939876180612 581.311056878152,354.73349924151,8.3203125 581.330444200501,351.009003231839,8.31694722679471 581.297971837896,347.287774697691,8.30962300804471 581.257936393211,343.559908293733,8.30229878929471 581.254827612561,339.81851575457,8.31032737222056 581.299824379087,336.052590091333,8.32280109326313 581.401605861675,332.295078972711,8.33737683335409 581.581021825821,328.560461611825,8.35195257344506 581.800582382246,324.840560504045,8.35038876108551 582.006024153529,321.120236848983,8.34593553746525 582.146412246558,317.419014512326,8.359375 582.147686771081,313.72968030255,8.359375 581.907755560349,310.034490324192,8.359375 581.40241098062,306.3372366335,8.39949487094852 580.654339814465,302.657496129303,8.44258679517322 579.739985238042,298.974790511198,8.4794397737861 578.792620708684,295.311244800877,8.49304050656274 577.918588417808,291.652689121201,8.48711288644246 577.187063885787,287.979835287434,8.4765625 576.596260402498,284.309172288331,8.4765625 576.131954190562,280.64811872085,8.47886502491235 575.688456007729,277.016731242721,8.48922303440238 575.134772225771,273.374002453658,8.52075264159322 574.381232765315,269.772710942784,8.59407847269718 573.424261265038,266.224928863965,8.69234317873965 572.270792787835,262.756119629303,8.76727296933918 571.006299111886,259.372286846758,8.78897604664914 569.659141802594,256.052340950792,8.77461207190757 568.181110240759,252.807625777252,8.79070009545752 566.330028614394,249.710484360068,8.83831624494336 563.8751036727,246.950322052743,8.90263299465617 560.827109309814,244.621082601155,8.9453125 557.476210359906,242.546205294502,8.96484375 554.184774160547,240.321817257222,8.96484375 551.159005135755,237.716197083911,8.9611033743243 548.521590603927,234.902139882092,8.91648485176992 546.119439447208,231.869672848843,8.55273711889489 544.37460146954,228.468913768947,7.03356239368943 543.5,226.5,3.33984375)"
        color="rgba(0,0,0,1)"/>
      <vertex
        id="1"
        position="543.5 226.5"
        color="rgba(0,0,0,1)"/>
      <edge
        id="9"
        startvertex="8"
        endvertex="3"
        curve="xywdense(5 482.5,313.5,6.5234375 483.951794319294,309.89074502363,6.57533488445124 485.01895474774,306.129415479197,6.62723226890248 485.744441361598,302.270540844235,6.67912965335372 486.202811207286,298.359994164723,6.73102703780495 486.468388598713,294.569887967268,6.96065714711568 486.495852722355,291.040418422958,7.10401155739867 486.671559821013,287.503844795405,7.1758314311065 487.140671262508,283.898459525769,7.21203701416131 487.781830972019,280.277127306471,7.24991811697723 488.488249708803,276.664704555647,7.33704758381744 489.215966422012,273.055841063441,7.4375954070084 490.054016350872,269.414078862134,7.56020201025632 491.104314395223,265.745452003306,7.66571731595249 492.358853155406,262.162762716342,7.7362876149437 493.784319637884,258.588984027931,7.79133864796179 495.290398875534,255.109900979081,7.82980732946367 496.837710126439,251.709345485286,7.86104986119211 498.409741685901,248.376566118141,7.88288646253488 500.040296100956,245.074860999721,7.91410567393388 501.699779647555,241.85257530617,7.95047507333535 503.400688661739,238.685879105899,7.98684447273682 505.182429993824,235.503970159204,8.01762059338511 507.013363613384,232.303714373063,8.04085709053638 508.866520114007,229.126091493881,8.06414805957949 510.765116343361,225.944692674,8.08643800954086 512.711957807732,222.771676432964,8.09420166588857 514.705819655348,219.628532935703,8.10196532223627 516.771868171686,216.506208285949,8.11055254344239 518.895322155454,213.444180788877,8.11981702877491 521.090414335824,210.444322162634,8.12908151410744 522.555905671952,208.565690535132,8.13501982389234)"
        color="rgba(0,0,0,1)"/>
      <edge
        id="13"
        startvertex="3"
        endvertex="12"
        curve="xywdense(5 522.555905671952,208.565690535132,7.98828125 520.661803684472,206.743602006708,7.9889401151098 518.417189690243,204.613643378432,7.99245860720731 515.613093636257,202.150682579606,8.01533562310896 512.753481148132,199.797932322858,8.03821263901061 509.808316225168,197.548550113368,8.06108965491226 506.741743350434,195.374718411265,8.105572424236 503.598820166387,193.296206359174,8.11333608058371 500.373106719635,191.312005390182,8.12109973693141 497.054361832522,189.409166267161,8.14805122017586 493.635760814422,187.599756962355,8.1640625 490.169413622668,185.901048449101,8.1791924501066 486.705842447316,184.307023972433,8.20102905144937 483.246089014811,182.807409042496,8.21359406209078 479.763207308203,181.412338114988,8.22265625 476.25874529457,180.16212046727,8.22265625 472.707304350602,179.065884834632,8.23027008494353 469.069022109162,178.14398467992,8.23415235785404 465.371223110265,177.459668411921,8.22265625 461.718936255226,177.007912276646,8.22265625 458.101262399342,176.677503023121,8.23341839816571 454.559101493587,176.399728048672,8.23264605495929 450.996231668521,176.164410021431,8.22265625 447.432501100118,175.970404765708,8.22265625 443.790408536861,175.845677767522,8.22265625 440.104628920959,175.80387736514,8.22265625 436.325738384215,175.846206538769,8.23551279361559 432.48681961623,175.980193166749,8.2421875 428.616118230004,176.229146454318,8.2421875 424.713873266246,176.620514037376,8.23033357822803 420.810220013605,177.155524774478,8.23483401292316 416.972831555329,177.823586768369,8.2421875 413.227050445511,178.603954960707,8.2421875 409.584588403071,179.482068681042,8.22974528531447 406.036569543925,180.461192129616,8.22265625 402.548462430328,181.548310421926,8.22265625 399.053692270455,182.747512446341,8.22265625 395.603123727,184.03037877674,8.22265625 392.155712531202,185.405443845747,8.22265625 388.745135522402,186.85254847105,8.22265625 385.348730294354,188.394341793051,8.22265625 382.010513641292,189.997618048797,8.22265625 378.696681239819,191.665423832089,8.22265625 375.434418903762,193.388100078736,8.22265625 372.207568615121,195.192154592251,8.2236226605012 369.04167021633,197.087736878587,8.22990312626569 365.944160612554,199.097962253766,8.23618359203019 362.905954414053,201.252554387701,8.24104722300092 359.918353782236,203.567102642768,8.22854291170362 357.00569964385,206.024371961349,8.2421875 354.19703437953,208.586562236774,8.2421875 351.488149456838,211.242414151599,8.2421875 348.869789314887,213.982232921631,8.2421875 346.34678112535,216.787722102141,8.2421875 343.933005844352,219.634321519829,8.23042738828328 341.638756115054,222.506440370708,8.22265625 339.448034564158,225.409938284483,8.22265625 337.317585929103,228.362295547256,8.22287858587623 335.208648855911,231.37573464312,8.24137739324348 333.118706893004,234.45006762512,8.2249999422364 331.063685009766,237.579404980104,8.22265625 329.055338813215,240.741660417328,8.22265625 327.094535869812,243.964247234911,8.22265625 325.197507128206,247.24256422966,8.22265625 323.357360875791,250.586254193659,8.22265625 321.590602675142,253.978604062275,8.22265625 319.934261195678,257.402291691255,8.22265625 318.40560260107,260.854711378789,8.22954872301369 317.007320349151,264.32731810323,8.23908270021929 315.732430451065,267.803241285949,8.22548196744265 314.560753274054,271.289341721603,8.22265625 313.472164755667,274.803166266359,8.22265625 312.451986044448,278.381291830564,8.22008000767111 311.496162154544,281.981112308014,8.21235960322734 310.58358038293,285.60263168038,8.20463919878357 309.712891040198,289.24850250622,8.203125 308.896580613879,292.884007009798,8.203125 308.147202617634,296.517746836352,8.20433722556116 307.482221347663,300.159643686168,8.21870120030273 306.90652213569,303.823354193647,8.20978359605036 306.422512258024,307.484553165864,8.20818144894917 306.030342647833,311.145333435021,8.21626969548785 305.715742617909,314.827159734213,8.22573814533736 305.459104948766,318.537302722389,8.24038658283736 305.249163076213,322.281367538485,8.2421875 305.06575640465,326.049467093321,8.2421875 304.89409363412,329.851176511297,8.2421875 304.740339001933,333.704694042507,8.24425194869621 304.617592575188,337.569730202151,8.25861592343778 304.523699492813,341.410915854433,8.25023458713761 304.473318624675,345.218358559559,8.2421875 304.501772323335,348.983661299009,8.2421875 304.654975905623,352.713778799193,8.2421875 304.963894993669,356.409354690615,8.2421875 305.437173133447,360.090037455459,8.2421875 306.070249647362,363.748578252408,8.2421875 306.844592645634,367.419047069287,8.24665799262981 307.703814949803,371.092058693088,8.26442183235415 308.599681443796,374.789241824711,8.28125 309.501209373002,378.515349302103,8.28125 310.384992235441,382.250987779814,8.29639453200667 311.237069971086,385.978369633058,8.31228299327269 312.105052781752,389.702901693923,8.32470578914515 313.036076350532,393.369491145021,8.33358770900733 314.092941065298,396.966779948815,8.33984375 315.31723949421,400.484601237667,8.33635940253667 316.713631779446,403.916999348921,8.31952103106339 318.275904287881,407.248709278188,8.31133230555985 320.001492902352,410.486848625952,8.30314358005631 321.848011188894,413.673278354534,8.30078125 323.74970190701,416.789738548135,8.30078125 325.68396797023,419.891983503095,8.30078125 327.567882770379,422.978992339591,8.30078125 329.366673957184,426.09840739572,8.30078125 331.093612201093,429.269852460979,8.3155509694232 332.77481601217,432.500799321949,8.3203125 334.458841472951,435.769825982984,8.3203125 336.20166302011,439.033685795615,8.3203125 338.085624421352,442.297872301927,8.31604836674102 340.150227564572,445.460685385439,8.30696379145372 342.419804258528,448.489859814819,8.29747242234015 344.871778606319,451.375382479821,8.28711441285011 347.484124463558,454.129265658826,8.2771816887579 350.194263285163,456.762402252823,8.26780398759094 352.973461277518,459.309028925938,8.2668617425155 355.790162544892,461.778627311602,8.28125 358.639875625481,464.175074746464,8.28125 361.52578380195,466.510388125498,8.28125 364.495111485311,468.770350913302,8.26989022953307 365.598809756612,469.54839751135,8.26878555997619)"
        color="rgba(0,0,0,1)"/>
      <edge
        id="19"
        startvertex="3"
        endvertex="18"
        curve="xywdense(5 522.555905671952,208.565690535132,8.13501982389234 523.972239374003,206.739005388374,8.14414029859886 525.692584842292,204.558820694427,8.1580345877527 528.124678972207,201.730824316913,8.19622510333132 530.6399478038,199.006966850743,8.23028202874454 533.24224724967,196.365737515301,8.26356528633185 535.913786685833,193.80679659701,8.28756622150331 538.668477977641,191.343472235516,8.31156715667476 541.520416285133,188.96793059597,8.33556809184622 544.465462219741,186.67881316199,8.33984375 547.493302495757,184.475418278333,8.34277499132346 550.560836723623,182.364783783636,8.34877522511633 553.665392307382,180.327629036105,8.35477545890919 556.831015452076,178.360084531521,8.3553450491677 560.032062905305,176.493985412782,8.34165688447355 563.235314318887,174.754934122471,8.359375 566.467205087205,173.188101457931,8.359375 569.76583471194,171.811365051068,8.359375 573.176671237158,170.6276320504,8.359375 576.730078826855,169.622802959068,8.359375 580.40822019392,168.787362485686,8.359375 584.17855629907,168.113275335117,8.359375 587.988382350836,167.590200135369,8.359375 591.820474370439,167.193724744948,8.359375 595.652487191213,166.912415581046,8.359375 599.460751504649,166.713967856477,8.359375 603.235651265433,166.561636850144,8.359375 606.970886880916,166.441664066033,8.36046938783971 610.690494331021,166.368800349199,8.36962466127721 614.446755020004,166.374176881952,8.37877993471471 618.236716024307,166.492190817736,8.37890625 622.027497799416,166.739668615975,8.39484545090589 625.78345009179,167.110583766812,8.40533572014909 629.52791123752,167.60071962357,8.41342396668778 633.299033752941,168.188633261383,8.42575109349347 637.039206425434,168.845696975739,8.4375 640.698718955242,169.549399176437,8.4375 644.291351053683,170.297575492949,8.44527634463886 647.850016114597,171.09979828098,8.45322057527187 651.414617687214,171.992365818258,8.45289769409512 654.9418355153,172.988045644757,8.44495346346211 658.463581619117,174.115278582161,8.4375 661.976084992978,175.389116262559,8.4375 665.476963089702,176.819475133802,8.4375 668.948098391618,178.388410280355,8.4375 672.352505512807,180.069907721343,8.4375 675.737805529318,181.837398476326,8.44058465115747 679.080285892197,183.616360591263,8.44834830750517 682.396408897714,185.363122862633,8.45611196385287 685.693410834623,187.057171047387,8.45703125 688.983322689318,188.690640302343,8.45703125 692.305139076771,190.292649958171,8.45910281367886 695.627424383687,191.87438252708,8.4672915391824 698.940775027436,193.491557569319,8.47548026468594 702.216013253031,195.220087426853,8.46945600981052 705.392758631216,197.11121424528,8.46126728430698 708.468816303836,199.216209269738,8.45703125 711.368770668877,201.528009300238,8.45703125 714.078884587086,204.03224467692,8.45703125 716.621383242586,206.697514962334,8.45703125 719.030064361847,209.481072028169,8.45703125 721.376941781946,212.34908120021,8.46117876695634 723.714399692218,215.20855083684,8.46912299758935 726.120447917642,218.029901198287,8.47785311104096 728.605113515372,220.805602670367,8.49609375 731.146233055448,223.536011775862,8.49609375 733.719703278167,226.243653799026,8.50380507758728 736.278992932163,228.968905993292,8.51174930822028 738.766354586768,231.790493242616,8.52312701496683 741.113754816199,234.757544269777,8.53376807546893 743.253748809896,237.8886580745,8.52600441912122 745.139764313128,241.20019038563,8.51824076277352 746.786970737793,244.66389179051,8.50476550660862 748.229329019608,248.222992783646,8.49246125082473 749.516278607512,251.806180531763,8.48474084638096 750.734489491576,255.37386996507,8.47702044193719 751.955592376921,258.899276038338,8.49327266342609 753.216115763867,262.371276955483,8.50258807215191 754.552709880453,265.777346886095,8.51030847659568 755.960617385751,269.153596139517,8.52072440175248 757.402886485579,272.540087071067,8.53515625 758.840628702941,275.931959747031,8.53515625 760.239226507204,279.343587322339,8.53515625 761.560083693288,282.785322990468,8.54833348662137 762.749626898513,286.255799535018,8.5546875 763.78101446077,289.787950774059,8.5546875 764.647241739449,293.413642513156,8.55362064281827 765.363248952445,297.101120683192,8.5392566680767 765.947598301134,300.820006427235,8.53515625 766.434963117631,304.566363307694,8.53515625 766.86150852953,308.345701392416,8.53490432474406 767.250833775104,312.141744070646,8.52761645469858 767.631481343743,315.932872877105,8.5203285846531 768.009621740319,319.727096143317,8.51849309962986 768.378340458158,323.493001297923,8.52658134616855 768.731032074446,327.226574497358,8.53466959270724 769.043093574268,330.92415667703,8.53515625 769.305073397683,334.588078247804,8.53515625 769.502820384113,338.225455581132,8.53716438537876 769.616451341042,341.859188464313,8.54530240621209 769.628746249793,345.520750612448,8.55344042704543 769.538295381392,349.219235635252,8.5546875 769.353338560819,352.925955970574,8.5546875 769.089837395282,356.663807650851,8.55210064857225 768.761695613487,360.415311541375,8.53773667383068 768.367449060249,364.163352832651,8.53515625 767.919526581748,367.873081487815,8.53515625 767.426640381937,371.554446336588,8.53515625 766.886571129501,375.221544649609,8.53465511624314 766.290708139632,378.883781437322,8.52000667874314 765.644395337498,382.553760550541,8.5211929316936 764.937980447796,386.217973135485,8.52913716232661 764.146397627769,389.890317002032,8.53515625 763.249052667828,393.563694889922,8.53515625 762.235180445105,397.204050011883,8.53515625 761.09956771466,400.795831454041,8.53515625 759.844727042373,404.340340006919,8.53515625 758.485930008509,407.830435922819,8.53515625 757.043943291519,411.272200364508,8.53515625 755.546358064839,414.675661835462,8.53515625 753.994299413215,418.054719692,8.53066861540983 752.376586734301,421.417608498973,8.51495808220137 750.69094523704,424.77065109218,8.50676935669784 748.94272310946,428.130316068557,8.4985806311943 747.130482138533,431.507421312606,8.4909156017399 745.286480731272,434.859537275406,8.48347898431949 743.420512853815,438.188230542093,8.4765625 741.539773361352,441.484209876021,8.4765625 739.628467546218,444.729569022166,8.4765625 737.665988596929,447.916479748217,8.4765625 735.642814928165,451.035063998458,8.4765625 733.544142355904,454.082506591687,8.4765625 731.349216104098,457.051725347072,8.48109459359557 729.045443177777,459.90526120792,8.4879846390183 726.604145134019,462.631602271076,8.49487468444103 724.012133729972,465.227570373865,8.49609375 721.270042559171,467.701209328504,8.49609375 718.410563663505,470.044798074906,8.49609375 715.464123783874,472.276553028864,8.49609375 712.446983269721,474.454526714081,8.50339025906184 709.379974101177,476.610642588697,8.5172136567909 706.309909327627,478.753074702644,8.5234941225554 703.257627618997,480.904981644657,8.52977458831989 700.212319108201,483.063703758087,8.53663123907106 697.161312082785,485.210704322906,8.5469378437302 694.098559663937,487.346865657864,8.55724444838934 691.007550057086,489.4593414773,8.56755105304847 687.860250636531,491.533743288746,8.57421875 684.660420031964,493.530963013599,8.57421875 681.394020899953,495.421606436838,8.57421875 678.050906528121,497.185262520733,8.57421875 674.627426970427,498.80111451872,8.57421875 671.116270097352,500.256451149361,8.57421875 667.540783108577,501.546804006919,8.57421875 663.919957695338,502.664528244115,8.57421875 659.420572325407,503.817920337014,8.59407444582443)"
        color="rgba(0,0,0,1)"/>
      <vertex
        id="3"
        position="522.556 208.566"
        color="rgba(0,0,0,1)"/>
      <edge
        id="14"
        startvertex="12"
        endvertex="5"
        curve="xywdense(5 365.598809756612,469.54839751135,8.26878555997619 367.96635287585,471.141680951608,8.27152065944173 370.744306167291,472.970915936931,8.27532224474292 374.027587544905,474.858528297457,8.28385413142812 377.39285777658,476.571490524042,8.29242648107628 380.836048547935,478.098198242959,8.30099883072443 384.327958905512,479.460634302111,8.30957118037259 387.84443472726,480.695005886446,8.31814353002074 391.368987461907,481.85483089313,8.3203125 394.882714400229,482.985152640504,8.3203125 398.392060958467,484.123423478939,8.3203125 401.882695350779,485.307375877478,8.3203125 405.394792611336,486.563988104251,8.32482933427147 408.911569681542,487.884796040665,8.33913030472787 412.41518038573,489.254957412849,8.33055795507972 415.908838454055,490.648929396819,8.32198560543157 419.405002404847,492.035218375055,8.3203125 422.886723253555,493.364255441469,8.3203125 426.364464178448,494.611909078737,8.31169101114912 429.862535325166,495.788879650799,8.30343346915441 433.361846941372,496.876122662952,8.31137769978742 436.882055680948,497.857782762509,8.31932193042043 440.439237495709,498.727845659113,8.3203125 444.036396964286,499.487380773577,8.3203125 447.699884489448,500.144540839418,8.33232653825665 451.423518689623,500.701296249802,8.3351782466749 455.161278823932,501.154263703288,8.32709000013621 458.921395261583,501.504868520953,8.31939947588517 462.691557416591,501.746187218653,8.31376546146209 466.467911607441,501.871621875224,8.30813144703902 470.251132188443,501.868663906994,8.30249743261594 474.039687564285,501.718838601584,8.30078125 477.811300919126,501.41293730462,8.30078125 481.559211131889,500.940749795687,8.30078125 485.279643996864,500.289541395087,8.30078125 488.947427926919,499.458877151307,8.30078125 492.557907730264,498.45458208616,8.30078125 496.101146510542,497.287773641985,8.30078125 499.571444394216,495.958039112118,8.30078125 502.967962811302,494.471956326855,8.29415639053843 506.283670147322,492.836366252448,8.28578243618577 509.524242627034,491.059406636268,8.27740848183311 512.697336426625,489.152606193955,8.26903452748045 515.81519299605,487.121030678481,8.26073769359045 518.868315778245,484.9827681997,8.25297403724275 521.863915746828,482.753864972473,8.24521038089504 524.815549350456,480.437398531615,8.23691668054227 527.709281575161,478.051823038871,8.22828500596723 531.115611167386,475.068057197693,8.21795709676491)"
        color="rgba(0,0,0,1)"/>
      <edge
        id="16"
        startvertex="5"
        endvertex="15"
        curve="xywdense(5 531.115611167386,475.068057197693,8.21795709676491 533.320255528191,473.051218631165,8.2111799579782 536.027256377741,470.456601064945,8.20336769687941 538.665912786737,467.808687314488,8.20786692869216 541.228195610439,465.101809682015,8.21236616050491 543.712425496943,462.324621838151,8.21686539231766 546.116860818751,459.472261588808,8.22136462413041 548.438841259201,456.549890285399,8.20817412571378 550.668143842048,453.572630897999,8.21838960217533 552.810722514282,450.528731189764,8.22265625 554.875516818515,447.401897838938,8.22265625 556.860926457489,444.179136998099,8.22265625 558.752725146477,440.873258378476,8.22265625 560.547391885286,437.484170405869,8.22265625 562.236211126867,434.023848642091,8.23792143541052 563.804791634585,430.530595168754,8.2421875 565.2569705704,427.009617135718,8.2421875 566.608901494305,423.460004058878,8.2421875 567.874039638568,419.890969088223,8.2421875 569.064650088199,416.285975856127,8.2421875 570.193081571479,412.667319754555,8.2421875 571.286989789744,409.007350949665,8.2421875 572.33470987676,405.358594248005,8.2421875 573.339183692031,401.702799982897,8.2421875 574.290612111347,398.070734831176,8.2421875 575.196307906809,394.44538216328,8.24437791643249 576.055094633349,390.85290805519,8.24986765048275 576.871598466184,387.282554900699,8.25535738453302 577.64733281571,383.709264411702,8.26084711858328 578.383829146179,380.116778114773,8.26171875 579.075002636074,376.518889609046,8.275300238675 579.698605079217,372.91700785838,8.28724586169862 580.235099974605,369.331807879522,8.29612778156079 580.675281899497,365.717238177036,8.30510618040882 580.997918462164,362.091849155137,8.31419075569611 581.130350512377,359.768233176102,8.31806436446157)"
        color="rgba(0,0,0,1)"/>
      <edge
        id="20"
        startvertex="18"
        endvertex="5"
        curve="xywdense(5 659.420572325407,503.817920337014,8.59407444582443 656.618921514052,504.453233060752,8.6076946304847 652.966583728877,505.178501108398,8.61950878163143 649.329123708882,505.825179322045,8.62859335691873 645.699921499886,506.407588463153,8.63714432773603 642.070967441818,506.930520685299,8.64523257427472 638.419506872202,507.391109471718,8.65234375 634.754271343738,507.775992100861,8.65234375 631.075471883028,508.087845824337,8.65234375 627.37275083487,508.326241497812,8.64751731341812 623.649418316912,508.484071996585,8.64022944337264 619.891086437769,508.562181254226,8.63294157332716 616.104015514581,508.568788999421,8.61496513791802 612.299527532771,508.495714078745,8.59679598734343 608.480730733074,508.344543532993,8.59375 604.664081580914,508.121491798488,8.59375 600.850963592775,507.826559817267,8.60478913805116 597.055855794518,507.466826697915,8.62096563112853 593.276924876636,507.035662794703,8.63771330183598 589.53121539983,506.520178928171,8.65602384871098 585.81997645092,505.915909988215,8.67309520191503 582.158517064599,505.208641589046,8.68217977720232 578.552672115429,504.376121538906,8.69126435248962 575.012304749498,503.402101848035,8.68193929606174 571.547300172933,502.259103320955,8.67232212568627 568.16141604121,500.944195488287,8.66370119977644 564.853263318889,499.473935504385,8.65512885012829 561.597715896388,497.875309912675,8.65234375 558.395492707861,496.184903914026,8.65234375 555.214641989824,494.403399259424,8.6683460262073 552.073603289437,492.557025117662,8.69881661804096 548.960666168295,490.623233595171,8.72734997945882 545.898024557374,488.60036572304,8.75460370532071 542.881718534163,486.450129593865,8.7733820247096 539.95661640697,484.152834409412,8.78189625606291 537.138302708784,481.673415354527,8.79070239746933 534.463172878406,479.003906770228,8.80106040695937 531.952725042633,476.144260516024,8.80859375 531.115611167386,475.068057197693,8.80859375)"
        color="rgba(0,0,0,1)"/>
      <edge
        id="22"
        startvertex="5"
        endvertex="21"
        curve="xywdense(5 531.115611167386,475.068057197693,8.80859375 529.413144663197,472.750054622346,8.80859375 527.450145959456,470.03265941507,8.80859375 525.365888363044,466.837518359638,8.80859375 523.346862167557,463.594538762266,8.80859375 521.373255651998,460.348428904624,8.80859375 519.416271238451,457.135470120917,8.80845953921865 517.476158720523,453.976304432643,8.79381110171865 515.545216057973,450.881564727587,8.79896233578135 513.628252915783,447.829383228559,8.81361077328135 511.745946304639,444.778577489005,8.82821805843344 509.935611182909,441.704044226196,8.83837492237799 508.223878061381,438.580396702743,8.84612498139273 506.610271815216,435.397715482449,8.82836114166839 505.101453363375,432.150317959166,8.828125 503.682356500001,428.830616917725,8.828125 502.317098202631,425.451978260037,8.83462501991508 500.965432818521,422.047902086858,8.8414253863034 499.588895923331,418.603160633228,8.84857061273669 498.189232846221,415.143456960091,8.85948891340808 496.773449548787,411.688412984458,8.8671875 495.380020686692,408.234060814769,8.88236690406577 494.035252947691,404.763070732197,8.93290785067117 492.786840688699,401.288616914636,8.94906246883242 491.665800806613,397.790667602304,8.96521708699366 490.659738982457,394.271398061221,8.9813717051549 489.730776358422,390.756757716175,8.96551967319042 488.848844520823,387.262662717293,8.97120355045423 487.949036834179,383.756965050424,8.97775453085706 486.958483631399,380.205526328337,8.98430551125989 485.877794793755,376.617648141214,9.01347844934702 484.726080063246,373.051340879269,9.06540317706424 483.583314520355,369.529086598943,9.10465775026277 482.65134961883,365.954623814962,9.13185921581605 482.076858620029,362.275713272125,9.140625 481.915147929947,358.536359091065,9.140625 482.058394826088,354.796851546228,9.140625 482.275710852012,351.060124252959,9.12896128208239 482.363845423019,347.330075751272,9.11407365168196 482.172377483035,343.674837101929,9.10371564219192 481.994392782112,342.347499862339,9.10884440528127)"
        color="rgba(0,0,0,1)"/>
      <vertex
        id="5"
        position="531.116 475.068"
        color="rgba(0,0,0,1)"/>
      <edge
        id="23"
        startvertex="21"
        endvertex="8"
        curve="xywdense(5 481.994392782112,342.347499862339,9.10884440528127 481.523335827328,339.677813746699,9.10545793585203 480.954642906191,336.57036134896,9.09985098645725 480.173555175366,333.068231092156,9.08208714673291 479.603532193917,329.519609471288,9.06432330700857 479.403865442313,325.903548473295,9.0362101999537 479.732726902891,322.190347811206,8.99627192356332 480.658629791238,318.596610692753,8.9481081577512 481.864776618946,315.18033882901,8.63574149697759 482.5,313.5,4.9609375)"
        color="rgba(0,0,0,1)"/>
      <vertex
        id="8"
        position="482.5 313.5"
        color="rgba(0,0,0,1)"/>
      <edge
        id="25"
        startvertex="21"
        endvertex="12"
        curve="xywdense(5 481.994392782112,342.347499862339,8.671875 478.841704075505,342.61708275615,8.671875 475.197136329346,343.018631976573,8.671875 471.603696347765,343.521385114297,8.671875 467.970168060364,344.142811013714,8.671875 464.34177065939,344.87076227873,8.671875 460.728749706969,345.698911694822,8.671875 457.135999028876,346.64339891239,8.671875 453.584184623424,347.725666930706,8.671875 450.094099536506,348.935850235116,8.68338174900873 446.612705134429,350.283359423905,8.68595143290221 443.148710522341,351.728274552122,8.67448239036892 439.705109684613,353.222594357495,8.68704332189791 436.242839920386,354.751333049628,8.70209513873171 432.801279347216,356.234877256583,8.70028127389771 429.393500240988,357.624190334141,8.69140625 426.012045234501,358.926002073136,8.69140625 422.635921319993,360.251563148668,8.70664165479987 419.246603352682,361.745706919659,8.7109375 415.891256421296,363.455382641121,8.7109375 412.604724108392,365.396190996689,8.71308200288621 409.343744593441,367.557883489823,8.73046875 406.182196928889,369.894849544035,8.73938716183421 403.192776361612,372.365036559601,8.76226417773586 400.378805694746,374.956053341145,8.76953125 397.724965065764,377.640700061579,8.76953125 395.193179816282,380.385974392109,8.7890625 392.809947565789,383.135263791367,8.7890625 390.528189135973,385.951156794323,8.77863962883576 388.342158672322,388.855097477057,8.77584089808322 386.251361853529,391.824998517092,8.78727940603404 384.196655437735,394.916571942194,8.80620961859174 382.168644455922,398.108302387669,8.81033991051999 380.210449003029,401.277481207182,8.82394064329663 378.349390280209,404.404399629367,8.84218907319335 376.559413140531,407.49422420428,8.83280969891754 374.799346476352,410.631982625608,8.83652535066163 373.151255917839,413.851676251603,8.84744365133301 371.685239062666,417.246414316704,8.84765625 370.451140604158,420.803084321206,8.84765625 369.470992317922,424.493303689686,8.84765625 368.698044783967,428.263336585782,8.84765625 368.052273709678,432.067049600931,8.86556745147795 367.501535368579,435.873826059962,8.87546830613348 366.994588507317,439.685661903866,8.88455288142078 366.537025814556,443.503819685634,8.86907943974336 366.129330616258,447.242502049333,8.8671875 365.777710834019,450.897593064428,8.86778618575367 365.500419232759,454.481822613477,8.88609673262867 365.329501366966,458.044841706201,8.88671875 365.281648645385,461.633112403034,8.89495266318934 365.360777152306,465.232881628635,8.90410793662684 365.598809756612,469.54839751135,8.90625)"
        color="rgba(0,0,0,1)"/>
      <edge
        id="26"
        startvertex="12"
        endvertex="18"
        curve="xywdense(5 365.598809756612,469.54839751135,8.90625 365.818386954692,472.580464687306,8.90625 366.129076414502,476.354367974326,8.91748911432848 366.482867610782,480.188064771414,8.91797068274713 366.869643919345,484.040618917512,8.9078377979473 367.286518443862,487.882439032504,8.91578202858031 367.763692079537,491.690494961671,8.92372625921332 368.357539822495,495.435671313224,8.92578125 369.090231917129,499.111695804487,8.92578125 369.967763756568,502.703204466464,8.92615276326096 371.012079707562,506.226666065904,8.93503468312313 372.24863537373,509.717927659869,8.9439166029853 373.659466921292,513.190499634166,8.95911604409011 375.215625672485,516.606489194924,8.97549349509719 376.88783759051,519.996749527566,8.99269100554987 378.616384303368,523.347089117747,9.01086015612445 380.374471597259,526.692412632275,9.02623340334952 382.109927038162,530.026006922371,9.03531797863682 383.804973097809,533.373113779014,9.04448661255132 385.444567728353,536.715349801851,9.05410378292679 387.027994128265,540.062336798829,9.0625 388.581202019446,543.38462745853,9.0625 390.154726522366,546.657876692688,9.0625 391.823934100723,549.872288171054,9.07069844527323 393.63472566374,553.02464776628,9.07698660371969 395.600754625124,556.115906738964,9.06341719565739 397.71774471743,559.116821338219,9.07136142629039 399.99417034551,562.007869272514,9.0793056569234 402.417683870353,564.812414941578,9.09768716266923 404.935461978062,567.530527449363,9.12151985456825 407.522446147069,570.202299056792,9.14643644331053 410.15090179802,572.844598340465,9.17573331831053 412.815139544935,575.462969399935,9.1946208252445 415.496134780382,578.071777754045,9.21188417439457 418.204993324734,580.687711435847,9.20651526720452 420.93814585635,583.310520250809,9.20940021195926 423.69082496846,585.916969935572,9.22528867322528 426.489496771872,588.490975846429,9.2430009642852 429.343985981561,591.01230528007,9.26889598801029 432.251761443376,593.475213417239,9.27734375 435.203928837038,595.868467836851,9.28482402375348 438.201212546569,598.189223636988,9.30679668000348 441.25226363879,600.442260269862,9.32876933625348 444.358412288345,602.63176088374,9.34049975272039 447.486640821983,604.743206034674,9.34727099535009 450.630699241831,606.782082811219,9.35404223797979 453.782664095612,608.748283914121,9.37859359031928 456.941493834829,610.648345175625,9.38706322160501 460.119847733489,612.488176157205,9.375 463.330531763843,614.264536632474,9.375 466.60318728531,615.983756875628,9.375 469.976593983835,617.655407274704,9.375 473.410013520635,619.24528019453,9.375 476.91939332456,620.747642883401,9.38297664999924 480.457068721841,622.142678677017,9.39453125 484.016928945348,623.436883063657,9.39453125 487.615183237731,624.638520500566,9.39424560433695 491.247306202807,625.746223600205,9.37648176461261 494.889834775083,626.74477108871,9.375 498.520272383076,627.628488845646,9.375 502.143776082875,628.399210772448,9.38530752615264 505.793867723078,629.064241979789,9.39453125 509.481030933111,629.627175856965,9.39453125 513.172450605711,630.083601307794,9.39453125 516.875924934909,630.421632856487,9.39453125 520.594959822734,630.621752244314,9.39453125 524.313283227415,630.661705985057,9.39453125 528.043236897413,630.520771865512,9.40493544337695 531.816770444594,630.186892394771,9.4140625 535.575811331437,629.660874672663,9.4140625 539.335589049597,628.948855327762,9.4140625 543.03418989757,628.085583580373,9.41519490956403 546.644241327733,627.106403128162,9.42407682942621 550.180526470714,626.051133233887,9.43295874928837 553.668750776125,624.952727173324,9.44622211699021 557.161768371898,623.804871427277,9.45734656004645 560.636816771695,622.626242685725,9.4659189096946 564.132639998485,621.398610652105,9.47430889074211 567.621090717687,620.12167850301,9.48202929518588 571.104808672749,618.788829693197,9.48974969962965 574.594838639129,617.377115301251,9.48003278287723 578.08948503299,615.885858593159,9.47265625 581.54530124312,614.307776629731,9.47265625 584.964317428658,612.605798926243,9.47265625 588.311358094391,610.770448264132,9.47265625 591.56925087249,608.791344683975,9.47265625 594.73549991798,606.682485094852,9.47265625 597.809824660315,604.484489210527,9.47265625 600.803371582505,602.236509506673,9.47391123236395 603.751223685484,599.957170022143,9.48185546299696 606.691576299942,597.649448009532,9.48979969362997 609.638433210491,595.299871061678,9.4921875 612.562693888976,592.92833470138,9.4921875 615.463300690453,590.494787149443,9.49571606956692 618.290685802951,587.993813590937,9.51036450706692 621.022313540452,585.430104468472,9.51171875 623.63924328211,582.814947072739,9.51171875 626.129270877929,580.117152431643,9.51171875 628.505817251242,577.305263739167,9.51171875 630.748029555672,574.406684662637,9.51171875 632.866796103284,571.416406729317,9.51171875 634.89378959622,568.340458744884,9.51171875 636.86206402979,565.191626906849,9.51171875 638.779065844123,561.991236136062,9.51788092248387 640.644745234192,558.778873718653,9.54117189152698 642.484055603166,555.562220844632,9.56446286057009 644.301654064045,552.331977832325,9.58629415165567 646.080186531352,549.098867656659,9.60763588202973 647.808492317795,545.831294579209,9.62896101286371 649.467944766399,542.502504419774,9.64533846387079 651.051878478052,539.096475281805,9.6484375 652.549733464595,535.610578597685,9.6484375 653.918592598558,532.072967288971,9.6484375 655.130269527985,528.471630078113,9.64963956666109 656.166074824994,524.814187174956,9.66324029943773 657.029918443281,521.105315750018,9.66796875 657.731386538015,517.374140879981,9.66796875 658.307299543112,513.620063535033,9.66796875 658.789817348007,509.877023545951,9.66796875 659.193151244585,506.163678867629,9.66796875 659.420572325407,503.817920337014,9.66796875)"
        color="rgba(0,0,0,1)"/>
      <vertex
        id="12"
        position="365.599 469.548"
        color="rgba(0,0,0,1)"/>
      <edge
        id="24"
        startvertex="15"
        endvertex="21"
        curve="xywdense(5 581.130350512377,359.768233176102,8.14453125 577.75131621318,357.411857257774,8.14453125 574.437474523954,354.996916428576,8.14453125 571.263658907946,352.740066197576,8.18441564452834 568.309555818028,350.853335066457,8.23501475722152 565.329435746941,349.096965420138,8.23530555707341 562.134928338163,347.474987038861,8.2421875 558.66283563108,346.109191847619,8.28125 554.85653494341,345.015337387494,8.31163248991935 551.040618815832,344.176461823894,8.36492400909237 547.333194200154,343.4853718277,8.40376838759432 543.653625829431,342.903980879576,8.41823256696455 539.83897510105,342.390655631997,8.43996264288864 535.977465538563,341.952654849614,8.45461108038864 532.130362271086,341.663905675344,8.45803049679104 528.345516315083,341.500568320214,8.48675844627417 524.609602947531,341.326040006617,8.52905490971223 520.851610844447,341.093088950792,8.55651964235611 517.060959533423,340.861738357712,8.58429118228417 513.291428797699,340.714533783187,8.60268090134585 509.51592288135,340.648497648156,8.61578490254241 505.74979822745,340.663438686699,8.63671124182813 501.9893167783,340.777657119246,8.65234375 498.230503060537,340.977267060526,8.65234375 494.409406719157,341.271666795916,8.66389595705714 490.486096312817,341.628150474893,8.671875 486.523404656938,341.975283374077,8.671875 481.994392782112,342.347499862339,8.671875)"
        color="rgba(0,0,0,1)"/>
      <edge
        id="27"
        startvertex="18"
        endvertex="15"
        curve="xywdense(5 659.420572325407,503.817920337014,9.66796875 659.885352419066,499.008133085281,9.67612958956976 660.169751013097,495.492026520054,9.69056563943505 660.393683871398,491.994997003295,9.69865388597374 660.530327602507,488.4743023833,9.70674213251242 660.531983275526,484.920418864372,9.70703125 660.353029983925,481.353359028902,9.70703125 659.982227789054,477.746992774948,9.70703125 659.425983421114,474.140378443975,9.70703125 658.682370202384,470.526337811591,9.70703125 657.801723815051,466.89914404307,9.72164897120276 656.85498605539,463.290740032805,9.7321474185269 655.910252824317,459.689193449979,9.73986782297067 655.001956340471,456.085390080457,9.74609375 654.128507352405,452.5020307569,9.74609375 653.283781863091,448.941221903815,9.74609375 652.41164334946,445.428173224348,9.74609375 651.442352387051,441.994396394657,9.74609375 650.261321229024,438.669664666975,9.74615818787486 648.792646362051,435.485159177544,9.765625 647.027179743243,432.456418151305,9.76763634104676 645.038493370849,429.563915303093,9.77779320499131 642.95176463828,426.645339376954,9.80317584069043 640.914024852896,423.610590058911,9.83974726321518 639.051110828919,420.472514636534,9.86262427911684 637.385507008872,417.205743847516,9.86328125 635.938881189701,413.808136616033,9.86328125 634.558530849901,410.299736153406,9.86328125 633.049038952748,406.858931010227,9.86328125 631.265515979005,403.608581631593,9.8619572579738 629.192997223985,400.612252960856,9.84375 626.966331618298,397.829086761769,9.84375 624.733132966233,395.155078350534,9.84375 622.506842436074,392.494119039113,9.84375 620.183331852485,389.678467837769,9.86328125 617.705053486654,387.038473326713,9.86328125 614.990606057752,384.708039779039,9.84848233898206 612.145944723159,382.576551343901,9.82421875 609.63829818062,380.51415328638,9.83690373068301 607.446175076337,377.908151344226,9.85333552933433 605.683280681363,374.473622934981,9.88197077896119 603.76454223425,371.122563120399,9.8828125 600.92855683111,368.752477807235,9.86329011780187 597.462127112033,367.528832889614,9.84058372114687 594.144046994906,366.747109409953,9.84436991862943 591.157068892606,365.663746254883,9.86328125 588.358949262449,364.044273209367,9.8513737229974 585.445672582121,363.579757481737,9.75223191527042 582.560252628703,363.239018460333,9.49213264402795 579.984217957714,362.603333253639,8.19256540890139 581.130350512377,359.768233176102,10)"
        color="rgba(0,0,0,1)"/>
      <vertex
        id="15"
        position="581.13 359.768"
        color="rgba(0,0,0,1)"/>
      <vertex
        id="18"
        position="659.421 503.818"
        color="rgba(0,0,0,1)"/>
      <vertex
        id="21"
        position="481.994 342.347"
        color="rgba(0,0,0,1)"/>
    </objects>
  </layer>
</vec>
