<?xml version="1.0" encoding="UTF-8"?>
<!-- Created with VPaint (http://www.vpaint.org) -->

<vec
  version="1.7">
  <playback
    framerange="0 47"
    fps="24"
    subframeinbetweening="off"
    playmode="normal"/>
  <canvas
    position="0 0"
    size="1280 720"/>
  <layer
    name="Layer 1"
    visible="true">
    <background
      color="rgba(255,255,255,1)"
      image=""
      position="0 0"
      size="cover"
      repeat="norepeat"
      opacity="1"
      hold="yes"/>
    <objects>
      <edge
        id="3"
        startvertex="1"
        endvertex="2"
        curve="xywdense(5 515.380765216903,205.802017062043,8.04257993808657 513.495041920238,203.895330414513,8.0662680008578 511.261440409084,201.691593346845,8.09281569061674 508.47841469317,199.315189985746,8.11569270651839 505.612712270185,197.086311419174,8.13856972242004 502.65786529591,194.938571329684,8.15298899416085 499.663963725329,192.819543553977,8.1640625 496.645011282691,190.689096676241,8.1640625 493.597721032899,188.539168990852,8.17641415274937 490.54299289685,186.37104179406,8.20230917647446 487.488388399628,184.176876666439,8.22427363854025 484.41608540682,181.994855018022,8.2421875 481.327234823902,179.873324217159,8.2421875 478.219006863519,177.8335596723,8.2421875 475.073357421542,175.883585228451,8.2421875 471.863975144898,174.037750264078,8.2421875 468.565535101278,172.302291558921,8.2421875 465.208902855209,170.718444193976,8.2421875 461.787714563922,169.297488595632,8.24578575392571 458.291827827692,168.039931896129,8.26171875 454.737301588924,166.958371029178,8.26171875 451.138106495749,166.046883365063,8.26171875 447.479184255282,165.284678235613,8.26171875 443.79712589373,164.661681999011,8.26026330925201 440.111423946785,164.163605977015,8.25363227316491 436.420370820475,163.771560617612,8.24700123707782 432.703026506202,163.472511977839,8.2421875 429.000634346303,163.253726740117,8.2421875 425.310730888996,163.095412468828,8.2421875 421.63488642363,162.991340237419,8.2421875 417.964327800798,162.942099665817,8.2421875 414.289473702927,162.949634294408,8.2421875 410.621826496045,163.013537479433,8.2421875 406.924900025305,163.128861630654,8.2421875 403.220377171907,163.287113167,8.2421875 399.501781356065,163.476718778287,8.2421875 395.775217393847,163.691953211017,8.2421875 392.055053221926,163.943379442871,8.2421875 388.327537416405,164.247331323515,8.2421875 384.612621470699,164.607059462997,8.2421875 380.903785971992,165.027233539429,8.2421875 377.180725502887,165.529047135449,8.2421875 373.416060265148,166.127588398748,8.2421875 369.672229882557,166.821361101385,8.2421875 365.970729488036,167.620601933992,8.2421875 362.309784862666,168.514009690053,8.2421875 358.685180503815,169.4704824358,8.2421875 355.083301232498,170.481678456004,8.2421875 351.51423397225,171.549868005784,8.2421875 347.963620866837,172.713922309422,8.2421875 344.4772367534,174.008813154222,8.2421875 341.060384037536,175.480919971989,8.2421875 337.731572801709,177.142084392221,8.2421875 334.487956373104,178.994210199038,8.2421875 331.329994976488,180.996643929574,8.2421875 328.256317551955,183.115770740598,8.2421875 325.237723597343,185.320013292277,8.2421875 322.289401320514,187.592112730136,8.25509591377441 319.406922732731,189.921815225435,8.26171875 316.578239311606,192.280154299315,8.26171875 313.779178886977,194.705804946195,8.26171875 311.026483954319,197.245637124351,8.26171875 308.375447481198,199.907225022754,8.26171875 305.850103094461,202.700785377803,8.25392554804282 303.483522232869,205.642373053778,8.24541131668952 301.273037576931,208.736899651898,8.24801444147101 299.210697933782,211.921007351019,8.25739214263797 297.228429290026,215.149371549605,8.26171875 295.293297207958,218.36098111864,8.26171875 293.397914557029,221.539671381294,8.26171875 291.50734573016,224.714705863871,8.26171875 289.605351253302,227.939053068662,8.25706181106459 287.733611634359,231.158812360402,8.24929815471688 285.903241776026,234.399726429573,8.24324400075244 284.140360640401,237.667608164495,8.25580493228143 282.456367511473,240.968772333099,8.25862544497521 280.862736005236,244.313605975546,8.25278008205186 279.367790213509,247.721872992475,8.24693471912851 277.952858379563,251.217985871084,8.24385610900012 276.626861609671,254.764440564452,8.25273802886229 275.404855331041,258.351972188936,8.26161994872446 274.277303364797,261.979524431603,8.26171875 273.224483263544,265.650313381551,8.26171875 272.226599306987,269.349680710775,8.26171875 271.260119991486,273.060299506085,8.26171875 270.318331518657,276.774217202409,8.26826969715613 269.38853012109,280.470559669994,8.2759901015999 268.471881729126,284.149626138982,8.28125 267.588257382999,287.818239908011,8.28125 266.768767773856,291.492904736332,8.27436273865282 266.050029541834,295.191912882128,8.26718075128204 265.462947198111,298.94429870638,8.26171875 265.025774615687,302.721673272238,8.26171875 264.731697281497,306.511587795204,8.26171875 264.568889925771,310.324429522425,8.26171875 264.506325401566,314.151849586775,8.27071298698997 264.532391580271,317.991096160817,8.27979756227727 264.62693299011,321.84177301076,8.28808691780178 264.746653038037,325.676428893767,8.29622493863511 264.8597469948,329.503727710836,8.304810673152 264.942888977833,333.29040965451,8.3139659465895 264.990667627579,337.040421475103,8.3203125 265.022304700906,340.747495416134,8.3203125 265.061913142815,344.425727260358,8.3203125 265.139939613645,348.058659787741,8.3203125 265.289409607257,351.669492744747,8.3203125 265.522507706892,355.287476582134,8.3316423895432 265.838195757276,358.907010075456,8.33984375 266.235754585379,362.55306019569,8.33984375 266.725897570952,366.270094232118,8.33984375 267.307993755626,370.065553373922,8.33984375 267.96259487163,373.900923693385,8.33984375 268.670309784718,377.738745211287,8.33984375 269.426426680018,381.577985336233,8.33984375 270.23310878953,385.402083282783,8.33242793277351 271.096094294142,389.188125725537,8.3244837021405 272.022662764304,392.914952390794,8.3203125 273.011143788669,396.55844508386,8.3203125 274.064342685033,400.119137314434,8.3203125 275.197009511717,403.597842563175,8.3203125 276.443199077908,407.032960905008,8.3203125 277.84542421532,410.459460653836,8.3269153292135 279.41818991101,413.885056710836,8.33984375 281.11037756123,417.275252137813,8.33984375 282.890534339798,420.656970490397,8.34423479169991 284.708297945934,424.005044407304,8.3533193669872 286.55172695263,427.337707313237,8.359375 288.407618267418,430.628564052215,8.35937561436786 290.290419090831,433.876097949812,8.36681223178828 292.188239100215,437.105377999555,8.37424884920869 294.092172528506,440.37840189246,8.37890625 295.95170578777,443.646143563712,8.37890625 297.774829932838,446.905799963605,8.37890625 299.60750284271,450.173857101243,8.37890625 301.503757056367,453.450349886992,8.37890625 303.487787286018,456.703465417581,8.37890625 305.565417768664,459.902612639289,8.3923961532067 307.754467519743,463.012745332025,8.4105653037813 310.072952943334,466.028700815669,8.42908182409632 312.517714319749,468.920119507186,8.44783722643025 315.079533594796,471.69539760047,8.4644989255394 317.765905266572,474.386395236609,8.4765625 320.522261558171,476.98011518831,8.4765625 323.300532383975,479.510674884888,8.4765625 326.096998565034,482.032078105266,8.4765625 328.919264176565,484.54401096772,8.4765625 331.751119851928,487.030999699614,8.47282370568658 334.592115941766,489.47907920589,8.46832447387383 337.471734894007,491.873326962175,8.46382524206108 340.418282514465,494.19047193712,8.45932601024833 343.452910209193,496.425037165826,8.45703125 346.55977890562,498.534048791205,8.45703125 349.753550473251,500.506761781689,8.46320932101617 353.007348217539,502.331759972942,8.48137847159077 356.320562262546,504.033965597163,8.50157828989628 359.658786885003,505.642434556428,8.53042980102269 363.031426853535,507.201778481751,8.5546875 366.425758392928,508.744793427571,8.5546875 369.83705356549,510.28898059889,8.56783468908409 373.285035150445,511.829547500696,8.57421875 376.773457335744,513.330133421036,8.57421875 380.331380519943,514.740857822109,8.57421875 383.964175062137,516.009582798656,8.57129385825341 387.649777322354,517.107652072389,8.56123327007358 391.406683839893,517.99056265693,8.5546875 395.196927763203,518.600812336882,8.5546875 399.00130337276,518.924511598406,8.5546875 402.796976295338,518.991646837272,8.5546875 406.584455902478,518.855722744506,8.55864676115822 410.347021840108,518.611967049201,8.56527779724532 414.11511496127,518.35140907224,8.57190883333242 417.920130885721,518.095753532943,8.57421875 421.718795997146,517.833284022094,8.57421875 425.47146809966,517.521099058355,8.57421875 429.196710437002,517.058849280036,8.5570870283865 432.888633430578,516.41226318697,8.5546875 436.53241903714,515.596966977761,8.5546875 440.147301705165,514.607626051004,8.5546875 443.703887374989,513.475475236986,8.5546875 447.205981594483,512.213725648701,8.5546875 450.634506172231,510.85569059114,8.5546875 453.999874692171,509.446790520502,8.5546875 457.327276676352,507.999282851337,8.5546875 460.659546441307,506.510277883365,8.5546875 464.016859484267,504.991147480276,8.5546875 467.343589139665,503.444481506174,8.5546875 470.665517085461,501.803252512372,8.5546875 473.959084386822,500.044235464722,8.5546875 477.187912284836,498.179739412755,8.5546875 480.352173307387,496.213208299603,8.5546875 483.457681767668,494.161369782741,8.5546875 486.516089891438,492.037394270647,8.5546875 489.559412648897,489.855642468122,8.54516261873932 492.563373006285,487.645493240241,8.53515625 495.521036163761,485.414166624581,8.53515625 498.459089587966,483.143787770683,8.53515625 501.383554344741,480.824018292995,8.53506884758921 504.314939348589,478.435643511284,8.515625 507.227937338621,475.979255896183,8.515625 510.074417944132,473.423179000583,8.515625 512.807678658179,470.742629446028,8.515625 515.3873919872,467.938569364607,8.52479856929769 517.823227946997,465.025159003884,8.53515625 520.139697349677,462.044780708246,8.53515625 522.943675798824,458.304517424729,8.53515625)"
        color="rgba(0,0,0,1)"/>
      <edge
        id="4"
        startvertex="2"
        endvertex="1"
        curve="xywdense(5 522.943675798824,458.304517424729,8.53515625 524.663797830192,456.004744003984,8.53515625 526.942946737276,452.990592617459,8.53515625 529.188409963403,450.007773070386,8.53515625 531.37439344829,447.004434628872,8.5382696770536 533.44714273923,443.993410312698,8.5546875 535.412957108734,440.968909881398,8.5546875 537.296073620336,437.869359410953,8.5546875 539.112258330478,434.677300332187,8.5546875 540.852494805837,431.411906938923,8.5546875 542.506938669258,428.11474931461,8.5546875 544.092985244633,424.738633669342,8.55777782330491 545.580895842822,421.328932766532,8.56739499368038 546.976710101053,417.855309970726,8.57421875 548.258890638315,414.370876122972,8.57421875 549.441210233257,410.890963490363,8.57883003476749 550.534107229593,407.415922712533,8.59375 551.546037093259,403.904184004528,8.59375 552.504710224868,400.353993268572,8.59375 553.45064923147,396.779478574913,8.59375 554.40289177615,393.179492022712,8.59375 555.3481177639,389.590558386559,8.59375 556.25986233854,386.031361890964,8.6029940716401 557.091843366477,382.433715930447,8.61305465981993 557.789653283368,378.737481642618,8.61328125 558.312214347827,375.01381206337,8.61328125 558.669834845379,371.288577647808,8.61328125 558.904687419414,367.547535904352,8.61328125 559.128108495793,363.840033870841,8.61328125 559.454949438975,360.188275843355,8.6328125 559.914903962183,356.619460353735,8.63538734906425 560.491859375955,353.125557867245,8.64574535855429 561.143838332342,349.610392899099,8.65671421720231 561.779830608237,346.066139277119,8.66875515865534 562.32261002522,342.426544261691,8.671875 562.709997562318,338.710564243805,8.671875 562.959747425978,334.889655785933,8.671875 563.064011806731,331.014539525118,8.68376762682993 563.013768623902,327.162586925083,8.695869292783 562.892969450243,323.362496378182,8.708076324033 562.790356465581,319.628136721496,8.7109375 562.754695614158,315.967100286734,8.7109375 562.737159128543,312.373577582886,8.7109375 562.647731828397,308.804733433819,8.7109375 562.36684453035,305.23133314669,8.7109375 561.867901953837,301.591468322184,8.73589337005631 561.206793158557,297.940404982673,8.76635561656562 560.506043866484,294.322650865535,8.79391683864046 559.993826154489,290.626168950817,8.80859375 559.809139287878,286.865049327884,8.80859375 559.878965310747,283.036135033466,8.80859375 559.964818904493,279.338756188443,8.80859375 559.682249839395,275.778746590113,8.82018399214686 558.827542167647,272.484604672042,8.84832623245286 557.572679192661,269.348646043188,8.86952952192923 556.133780801152,265.982383693448,8.88671875 554.87710653442,262.48089387468,8.88735216921222 553.742985962338,259.175026121277,8.90511600893656 552.026252430765,256.384081288961,8.89511732419054 549.167680665292,254.328775082943,8.83800609435277 545.7878995098,252.475086293449,8.58275573271879 543.843997654926,248.904577184888,7.46365036746225 543.476097765382,245.791745742027,7.17583208227509 543.184682532462,242.65929768034,7.03579421313714 541.852657930584,238.931855621174,7.09893217627427 540.071538827468,235.376564540099,7.21553200291781 538.065547591148,232.206819750698,7.40259354776948 535.855802316233,229.283629008052,7.54403434217166 533.466959982087,226.500045563639,7.62338332077074 530.936804345445,223.809295737378,7.65625 528.371923130228,221.149305773107,7.67887063521613 525.868485552362,218.441971640543,7.73066068266631 523.45348824577,215.602833198814,7.79672297017475 521.111547460647,212.654187469627,7.89421444558402 518.809648369486,209.724501245875,7.97251058930429 516.441779990133,206.93256359752,8.02275431542026 515.380765216903,205.802017062043,8.04257993808657)"
        color="rgba(0,0,0,1)"/>
      <edge
        id="6"
        startvertex="5"
        endvertex="1"
        curve="xywdense(5 467,310.5,6.2109375 467.320337071094,306.828759826618,6.2841796875 467.622746976635,303.158212417741,6.36031888217547 467.934787514683,299.46233887065,6.44080358761416 468.341085692148,295.751763331452,6.50676940248333 468.794800439027,292.050431357291,6.55559752748333 469.255968197656,288.34940996285,6.6452104177245 469.752818062835,284.650873853394,6.75340342111021 470.325592087893,280.96650056161,6.8998877961102 470.996562728264,277.305572452695,7.00820248136461 471.796565271308,273.674536241469,7.10510366576679 472.752356648038,270.086777588839,7.17552778302564 473.870578208436,266.549268616062,7.24318198595814 475.14215879492,263.074512555547,7.30354551503715 476.547540270657,259.664622710538,7.36601757260051 478.051744805148,256.32326219972,7.43269480483654 479.6191782406,253.04292080039,7.49937203707257 481.219208811199,249.808611962651,7.56540789264336 482.834824547794,246.613790234689,7.62634907631068 484.489897129911,243.438150663587,7.68196715699136 486.197475994032,240.309535207949,7.71472205900552 487.966631210218,237.245475669082,7.7323146887024 489.811126892929,234.253088317577,7.74985077747244 491.763243011306,231.317933806257,7.76738686624248 493.850242580447,228.405903267105,7.7734375 496.054098444143,225.522102599633,7.78752467831955 498.356620136025,222.671869374872,7.78875649071287 500.734123116802,219.896677243023,7.78300204099618 503.186313008386,217.19845266822,7.7772475912795 505.715200353514,214.576126559238,7.7734375 508.315227089224,212.031416290922,7.7734375 510.985795653016,209.560659261026,7.7734375 513.733568970092,207.163372722246,7.7734375 515.380765216903,205.802017062043,7.7734375)"
        color="rgba(0,0,0,1)"/>
      <edge
        id="7"
        startvertex="1"
        endvertex="2"
        curve="xywdense(5 515.380765216903,205.802017062043,7.7734375 517.245156248803,204.26750486912,7.77305043170541 519.480376742642,202.444586389253,7.7734375 522.447012438154,200.137336093702,7.77963059271348 525.456551340907,197.884880279958,7.78889507804601 528.511216735734,195.685308849526,7.79815956337853 531.611727469829,193.535836343854,7.80742404871105 534.76181193925,191.431562637339,7.8125 537.953736818155,189.380246125296,7.8125 541.19142703122,187.383219097114,7.8125 544.476014386986,185.44146630327,7.8125 547.792028218166,183.561139023168,7.8125 551.136909387386,181.740379590419,7.8125 554.507509274859,179.979502969379,7.8125 557.901386763822,178.28038772815,7.81467645516973 561.307714693532,176.64700326637,7.82723738669873 564.719647492247,175.075753984452,7.83462451356891 568.138312675768,173.56364201491,7.83881834902531 571.568491913999,172.11199936143,7.84301218448171 575.015718265859,170.725575659339,7.84720601993811 578.485687079158,169.40992769498,7.85139985539451 581.977587328771,168.172734125973,7.87382547913874 585.497253842145,167.021888228374,7.89768266412293 589.038167170004,165.967050186456,7.92337772328231 592.606835620848,165.009990081587,7.9490727824417 596.218930798504,164.142262647683,7.97211407572446 599.855300723398,163.360084498042,7.98647805046603 603.510039975248,162.65427012665,8.00084202520759 607.180626374567,162.014900076894,8.01520599994916 610.877791432446,161.431715446727,8.0283714722376 614.594389138606,160.900299624872,8.0350025083247 618.330306019235,160.418557571049,8.04163354441179 622.097261174676,159.99193341096,8.04814961676045 625.877147575509,159.629827298312,8.05423204936693 629.666059445119,159.337167605678,8.06031448197341 633.46621900799,159.122964138707,8.06639691457988 637.272896448369,158.998184679799,8.06640625 641.080801695453,158.96848785101,8.06640625 644.889539389134,159.036442022434,8.06640625 648.69246949288,159.201138306057,8.07162735073622 652.470862487974,159.467084782981,8.07825838682332 656.221248677594,159.837442172776,8.08488942291042 659.936989118073,160.310014805202,8.09198432895479 663.612636337448,160.88433465193,8.09916631632558 667.253310092647,161.560937306309,8.10707330281543 670.858483903874,162.335874331763,8.1201752636211 674.4381540501,163.202323253976,8.13327722442676 678.012068161926,164.158094723206,8.14541382469846 681.568718426757,165.196585537515,8.15167132707431 685.110022454305,166.320255930117,8.15792882945017 688.647190090683,167.541025425779,8.1640625 692.169292357266,168.866047160551,8.1640625 695.669271387474,170.29579650054,8.16815766609375 699.129220180624,171.819617811442,8.17517299533121 702.556037720346,173.432915736399,8.18218832456867 705.946518352938,175.129264149646,8.17937785283561 709.278547982046,176.906862717726,8.17410576481743 712.550705176485,178.77076770207,8.16883367679925 715.768115232506,180.717901767624,8.16570272399392 718.909009187264,182.725903373381,8.18296607314398 721.956370249815,184.784261718143,8.18359375 724.930563774512,186.885885994857,8.18359375 727.860424424581,189.02740706726,8.18359375 730.766613997946,191.215857085339,8.18531815984733 733.648350541064,193.452596907026,8.19996659734733 736.510567116443,195.742475439159,8.203125 739.330650099664,198.079568920381,8.203125 742.086059174559,200.491658263321,8.203125 744.768964120555,203.031025196401,8.203125 747.360280031382,205.713724601564,8.203125 749.833463796889,208.520298690658,8.203125 752.169489886127,211.419588535227,8.203125 754.396466409702,214.395704124922,8.203125 756.564419640775,217.428096560331,8.203125 758.727834609421,220.495610500768,8.2156762154125 760.928444877744,223.597528801795,8.22265625 763.169338302751,226.716240686538,8.22265625 765.431799093215,229.808187716562,8.22265625 767.705706376929,232.87717362454,8.22658294766833 769.968086543435,235.927740395616,8.24123138516833 772.205691714783,238.969299821787,8.2421875 774.398907093935,242.019683773392,8.2421875 776.513981534439,245.105211623317,8.2421875 778.517250390535,248.25253869855,8.2428379482446 780.383949145708,251.469489109985,8.2501621669946 782.102973751717,254.759208650609,8.2574863857446 783.684619544236,258.125357673443,8.25963894359849 785.118556614648,261.549960738245,8.25471214090808 786.399241543191,265.037341228734,8.24978533821768 787.537042355287,268.588746455494,8.24485853552728 788.553693478306,272.21045474085,8.23380390256876 789.448098941995,275.892651197564,8.22576394988232 790.218423293799,279.592615298937,8.23370818051533 790.890205474343,283.302096401458,8.24165241114834 791.492908842103,287.01602687566,8.26633834746071 792.066349697603,290.731575721371,8.2922333711858 792.648014876193,294.451255985179,8.31812839491089 793.25437226544,298.188321135068,8.33984375 793.879815326839,301.924110359173,8.34082745779883 794.522622910684,305.636783403392,8.35671591906484 795.180792398032,309.326548791771,8.37260438033086 795.839362843418,313.007565185617,8.37890625 796.472885554977,316.676994739164,8.37890625 797.055254015375,320.351868116271,8.3804045222623 797.563782524623,324.030570958075,8.3883487528953 797.990258249486,327.719688323014,8.39629298352831 798.333831806707,331.421303979084,8.3984375 798.576624306403,335.118394601871,8.3984375 798.707541515167,338.824147019583,8.3984375 798.726519234217,342.524820802302,8.3984375 798.639598298285,346.21150744947,8.3984375 798.460038809751,349.88940623702,8.3984375 798.200734212286,353.577094992978,8.3984375 797.880067679925,357.241012813875,8.3984375 797.508109083906,360.89653340214,8.39513943727414 797.092603846132,364.531841943906,8.38053586494485 796.636735819073,368.154516395186,8.39489983968641 796.121771037423,371.792474249847,8.38504866315198 795.527314894539,375.44080091629,8.37890625 794.858929325342,379.081882779863,8.37890625 794.128324616374,382.729703165752,8.37890625 793.34782575323,386.382942992373,8.39063715322001 792.52268002742,390.038082111541,8.3984375 791.645415466137,393.698417393679,8.39741219176629 790.706421528377,397.344336035826,8.39098842697645 789.710959719971,400.974664929887,8.3845646621866 788.654910027772,404.594246076885,8.37890625 787.534724840895,408.196357223571,8.37890625 786.356103569376,411.784258228746,8.37076544614385 785.110483504937,415.347087125909,8.359375 783.782162955904,418.87268425624,8.359375 782.357822032302,422.361726843102,8.359375 780.828714483022,425.820654972781,8.359375 779.191701097027,429.214744972188,8.359375 777.43154460921,432.538226538809,8.35943884591396 775.560232761742,435.777760424155,8.3730395786906 773.615211525598,438.934362108225,8.38374787064752 771.621037022902,442.02838627469,8.39226210200083 769.573715001885,445.092537576361,8.3984375 767.473879216665,448.133590326608,8.3984375 765.312851716418,451.161960788243,8.41385463645369 763.100543193583,454.182905618156,8.41796875 760.833219264171,457.181058464177,8.41796875 758.471511485929,460.156829319962,8.41371705805898 756.00130261156,463.086232773609,8.39906862055898 753.426006748243,465.94511562395,8.40603945745351 750.756762716687,468.705220449904,8.41398368808652 747.997857584958,471.360264612524,8.41796875 745.158558673682,473.892697006339,8.41511965897038 742.277011183213,476.268889532341,8.39872414123092 739.381560095773,478.496192264417,8.40723837258422 736.471475584735,480.601817953991,8.41575260393753 733.539386047709,482.611159367523,8.42371162540678 730.574432732698,484.547524815911,8.43147528175449 727.514474028245,486.449485447981,8.44078102184918 724.356283372885,488.317350895488,8.45542945934918 721.093823470071,490.158102070546,8.45703125 717.742225913808,491.946053684965,8.46274764781184 714.35292948584,493.638521750176,8.47093637331538 710.928413335971,495.226494157665,8.48168769763783 707.46957974372,496.712934561871,8.49795240246698 703.983396769755,498.10003974135,8.51339321135452 700.471571938329,499.387552022562,8.52883402024207 696.932695737822,500.579700901298,8.54528106265232 693.372663875741,501.687250280021,8.56242576194863 689.790100369849,502.72809643481,8.57764598671506 686.189940823045,503.713772722969,8.58862545481559 682.565697898238,504.653663981014,8.59960492291611 678.90769735881,505.552165679213,8.61058439101664 675.210485127898,506.40525153985,8.61328125 671.498271234629,507.205337364391,8.61328125 667.767725352031,507.946329069917,8.61353186871712 664.024607346764,508.616237383749,8.6207138560879 660.275848507041,509.207323343791,8.62789584345869 656.522435209766,509.713469178761,8.63026131837095 652.768709738879,510.128112597668,8.62217307183226 649.012259081255,510.444795783125,8.61408482529358 645.252310948544,510.662687557753,8.61328125 641.486452154716,510.781122732108,8.61328125 637.706020701093,510.809409910773,8.61328125 633.9304505799,510.756445262535,8.61328125 630.161418091245,510.619092616075,8.61328125 626.401880002755,510.399649164283,8.6197996714834 622.665209965296,510.107070149697,8.62788791802209 618.941833219954,509.743798509966,8.6356631025473 615.240320703357,509.313485381923,8.64295097259279 611.549421339303,508.819193690296,8.65023884263827 607.864428434777,508.248427164817,8.65809592172169 604.191374245379,507.594188039169,8.66618416826038 600.517227148736,506.839260654436,8.67450766531501 596.881654473456,505.971678305846,8.68338958517718 593.292344389144,504.970577673704,8.69065414696885 589.767870623319,503.819249120498,8.68293374252508 586.313230254058,502.501922928763,8.6752133380813 582.919765178661,501.01682283286,8.671875 579.604627370524,499.377262997241,8.671875 576.332317853793,497.59629750961,8.67454769918961 573.102214684515,495.728773992957,8.68919613668961 569.887623678727,493.810095043205,8.67749978079293 566.634112481752,491.877811470915,8.68262767021415 563.307467192487,489.973524513989,8.69140625 559.927129955089,488.115697573745,8.69247611044277 556.54995148375,486.290247931052,8.70066483594631 553.221688657697,484.461390562641,8.70885356144985 549.98246744656,482.570404514594,8.7109375 546.8453199256,480.581411725687,8.7109375 543.809131855371,478.482933443874,8.70590166150298 540.898296944308,476.263449890257,8.69738743014967 538.07393394688,473.888664271263,8.69140625 535.354061451466,471.390319382219,8.69140625 532.705775558673,468.7670178419,8.69140625 530.11140706235,466.048545585195,8.69140625 527.545410397157,463.267108545678,8.69558707413392 524.994116806152,460.489361812079,8.70353130476693 522.943675798824,458.304517424729,8.70940424298676)"
        color="rgba(0,0,0,1)"/>
      <vertex
        id="1"
        position="515.381 205.802"
        color="rgba(0,0,0,1)"/>
      <edge
        id="8"
        startvertex="2"
        endvertex="5"
        curve="xywdense(5 522.943675798824,458.304517424729,8.70940424298676 519.735461323743,455.098509247483,8.7109375 517.031617509567,452.496974421427,8.7594314065737 514.312991782503,449.934720374313,8.81122145402388 511.622414517794,447.350306634723,8.88626916912345 509.013940784492,444.713490184689,8.95882618993333 506.550557756876,442.04246454385,9.00909874499843 504.251065774476,439.282242353891,9.05166990176496 502.114315873764,436.367853659169,9.08623255977745 500.153475628341,433.325069962498,9.10088099727745 498.347326389433,430.184274309997,9.1015625 496.667772397679,426.983393092289,9.1015625 495.04920559572,423.730490053156,9.1015625 493.449760497669,420.473390427185,9.1015625 491.828684930156,417.19210409342,9.1015625 490.176331304776,413.923435262159,9.1015625 488.467967864776,410.660325224712,9.1015625 486.735016785141,407.388201095426,9.1015625 485.018933954749,404.135025761827,9.11013212876408 483.360743542984,400.862446879622,9.11921670405138 481.812987251483,397.521586224701,9.12109375 480.427294445094,394.091171173087,9.12109375 479.241731278558,390.557781596533,9.12109375 478.231641834209,386.928814237692,9.09722959636288 477.365427550328,383.233244672273,9.08203125 476.60827116714,379.512309132107,9.08203125 475.884269935518,375.775499535932,9.08078049646443 475.115610173299,372.063962866028,9.07283626583142 474.230351233528,368.406781845654,9.06489203519841 473.233786172242,364.818617891138,9.07868729224495 472.170458694834,361.332702072445,9.08231725557626 471.099439038917,357.951090128091,9.10547846890757 470.124356406958,354.546829117738,9.12109375 469.371038293625,351.04819607146,9.12109375 468.840922822988,347.397936882217,9.13739299940605 468.457543394026,343.695001234147,9.13162189939656 468.12679020609,339.973806261816,9.1211587297537 467.745578221712,336.224254421328,9.12109375 467.253223950772,332.482500334766,9.12109375 466.60508878761,328.752671231589,9.12109375 465.885966468873,325.033742825043,9.12109375 465.272014841656,321.267004758878,9.140625 465.013296825074,317.575468458335,9.0455228479409 465.559606782887,314.088902130671,8.65013847732043 467,310.5,5.1953125)"
        color="rgba(0,0,0,1)"/>
      <vertex
        id="2"
        position="522.944 458.305"
        color="rgba(0,0,0,1)"/>
      <vertex
        id="5"
        position="467 310.5"
        color="rgba(0,0,0,1)"/>
    </objects>
  </layer>
</vec>
